1 0 3833
2 3833 7619
3 7619 8937
4 8937 12865
5 12865 14899
6 14899 17239
7 17239 20957
8 20957 24513
9 24513 27724
10 27724 30630
11 30630 31712
12 31712 32850
13 32850 39592
14 39592 41805
15 41805 43789
16 43789 50048
17 50048 53728
18 53728 54411
19 54411 56300
20 56300 59433
21 59433 60743
22 60743 63096
23 63096 64261
24 64261 67793
25 67793 71957
26 71957 76337
27 76337 82677
28 82677 86484
29 86484 87248
30 87248 91577
31 91577 95710
32 95710 96299
33 96299 97350
34 97350 98986
35 98986 102693
36 102693 106334
37 106334 111190
38 111190 113940
39 113940 116071
40 116071 119254
41 119254 120108
42 120108 127342
43 127342 128341
44 128341 131541
45 131541 133978
46 133978 136704
47 136704 140162
48 140162 142764
49 142764 146887
50 146887 148981
51 148981 150895
52 150895 155383
53 155383 156858
54 156858 161335
55 161335 165269
56 165269 171002
57 171002 177719
58 177719 182302
59 182302 184155
60 184155 185477
61 185477 188378
62 188378 194874
63 194874 197465
64 197465 200965
65 200965 203730
66 203730 206059
67 206059 216611
68 216611 217427
69 217427 226595
70 226595 228852
71 228852 231425
72 231425 233868
73 233868 236290
74 236290 237689
75 237689 238877
76 238877 241875
77 241875 252099
78 252099 253428
79 253428 257449
80 257449 258626
81 258626 259135
82 259135 269983
83 269983 271871
84 271871 275287
85 275287 278682
86 278682 282317
87 282317 292062
88 292062 294299
89 294299 295463
90 295463 296296
91 296296 297403
92 297403 299288
93 299288 307862
94 307862 311370
95 311370 317768
96 317768 322635
97 322635 328298
98 328298 330057
99 330057 335470
100 335470 337215
101 337215 338979
102 338979 345835
103 345835 348673
104 348673 350223
105 350223 352343
106 352343 354977
107 354977 357608
108 357608 361442
109 361442 365939
110 365939 370720
111 370720 374762
112 374762 377269
113 377269 388949
114 388949 390886
115 390886 392314
116 392314 398231
117 398231 401829
118 401829 408279
119 408279 415389
120 415389 429422
121 429422 435771
122 435771 439758
123 439758 455064
124 455064 456828
125 456828 461206
126 461206 463450
127 463450 466678
128 466678 471584
129 471584 474241
130 474241 483876
131 483876 500898
132 500898 504796
133 504796 508982
134 508982 519992
135 519992 523746
136 523746 524825
137 524825 542249
138 542249 543788
139 543788 552257
140 552257 563484
141 563484 583904
142 583904 597206
143 597206 680752
144 680752 687110
145 687110 700518
146 700518 728693
147 728693 740313
148 740313 766815
149 766815 783382
150 783382 810788
151 810788 811701
152 811701 862548
153 862548 870541
154 870541 881580
155 881580 888082
156 888082 894811
157 894811 915281
158 915281 918409
159 918409 923246
160 923246 927801
161 927801 931082
162 931082 932381
163 932381 936444
164 936444 950099
165 950099 951632
166 951632 951895
167 951895 952205
168 952205 954122
169 954122 956024
170 956024 958065
171 958065 959072
172 959072 966194
173 966194 968648
174 968648 970648
175 970648 973160
176 973160 975843
177 975843 978903
178 978903 979989
179 979989 981091
180 981091 985572
181 985572 990897
182 990897 991544
183 991544 997262
184 997262 999864
185 999864 1008496
186 1008496 1015951
187 1015951 1018420
188 1018420 1019933
189 1019933 1021626
190 1021626 1024352
191 1024352 1026986
192 1026986 1029291
193 1029291 1032407
194 1032407 1034529
195 1034529 1037569
196 1037569 1044577
197 1044577 1050991
198 1050991 1057937
199 1057937 1064762
200 1064762 1068759
201 1068759 1076937
202 1076937 1084776
203 1084776 1087945
204 1087945 1089797
205 1089797 1092833
206 1092833 1094501
207 1094501 1097579
208 1097579 1101068
209 1101068 1102981
210 1102981 1104561
211 1104561 1109385
212 1109385 1111182
213 1111182 1112753
214 1112753 1115270
215 1115270 1118938
216 1118938 1121054
217 1121054 1122565
218 1122565 1125429
219 1125429 1133299
220 1133299 1136684
221 1136684 1140362
222 1140362 1149289
223 1149289 1153075
224 1153075 1155952
225 1155952 1158206
226 1158206 1161826
227 1161826 1165373
228 1165373 1167496
229 1167496 1169148
230 1169148 1170994
231 1170994 1177406
232 1177406 1180657
233 1180657 1182944
234 1182944 1184856
235 1184856 1188330
236 1188330 1193886
237 1193886 1195943
238 1195943 1200145
239 1200145 1202911
240 1202911 1206720
241 1206720 1208518
242 1208518 1210107
243 1210107 1211705
244 1211705 1213375
245 1213375 1217075
246 1217075 1219860
247 1219860 1223872
248 1223872 1226303
249 1226303 1228748
250 1228748 1231387
251 1231387 1233809
252 1233809 1236393
253 1236393 1259696
254 1259696 1262960
255 1262960 1266626
256 1266626 1272994
257 1272994 1276131
258 1276131 1279476
259 1279476 1282934
260 1282934 1288219
261 1288219 1289879
262 1289879 1292516
263 1292516 1295983
264 1295983 1298481
265 1298481 1299607
266 1299607 1302016
267 1302016 1307145
268 1307145 1311418
269 1311418 1314482
270 1314482 1318305
271 1318305 1320990
272 1320990 1326456
273 1326456 1329029
274 1329029 1332864
275 1332864 1334009
276 1334009 1339369
277 1339369 1340857
278 1340857 1342117
279 1342117 1344207
280 1344207 1351696
281 1351696 1355071
282 1355071 1357654
283 1357654 1359703
284 1359703 1362872
285 1362872 1369244
286 1369244 1370280
287 1370280 1371270
288 1371270 1372470
289 1372470 1373311
290 1373311 1379676
291 1379676 1382573
292 1382573 1387704
293 1387704 1396826
294 1396826 1404233
295 1404233 1409776
296 1409776 1411338
297 1411338 1412032
298 1412032 1415369
299 1415369 1424592
300 1424592 1427524
301 1427524 1429794
302 1429794 1435561
303 1435561 1436914
304 1436914 1441379
305 1441379 1442124
306 1442124 1444730
307 1444730 1446321
308 1446321 1447509
309 1447509 1450079
310 1450079 1454493
311 1454493 1457472
312 1457472 1462956
313 1462956 1468874
314 1468874 1473391
315 1473391 1476205
316 1476205 1478325
317 1478325 1479447
318 1479447 1480307
319 1480307 1482998
320 1482998 1488833
321 1488833 1490693
322 1490693 1492480
323 1492480 1493739
324 1493739 1496018
325 1496018 1498502
326 1498502 1499948
327 1499948 1500583
328 1500583 1505639
329 1505639 1511813
330 1511813 1523489
331 1523489 1524759
332 1524759 1527154
333 1527154 1528236
334 1528236 1530471
335 1530471 1535710
336 1535710 1538203
337 1538203 1541278
338 1541278 1561410
339 1561410 1564311
340 1564311 1565976
341 1565976 1567792
342 1567792 1569305
343 1569305 1576708
344 1576708 1581363
345 1581363 1594006
346 1594006 1596471
347 1596471 1598346
348 1598346 1599844
349 1599844 1603005
350 1603005 1604436
351 1604436 1608369
352 1608369 1609525
353 1609525 1610914
354 1610914 1613352
355 1613352 1615364
356 1615364 1618882
357 1618882 1619134
358 1619134 1620157
359 1620157 1627529
360 1627529 1632791
361 1632791 1639413
362 1639413 1643899
363 1643899 1647650
364 1647650 1650452
365 1650452 1681427
366 1681427 1685441
367 1685441 1690780
368 1690780 1693677
369 1693677 1695694
370 1695694 1696972
371 1696972 1699586
372 1699586 1708777
373 1708777 1715321
374 1715321 1723481
375 1723481 1733403
376 1733403 1754105
377 1754105 1762886
378 1762886 1775496
379 1775496 1786582
380 1786582 1803720
381 1803720 1811371
382 1811371 1822249
383 1822249 1848707
384 1848707 1856630
385 1856630 1871761
386 1871761 1877890
387 1877890 1883255
388 1883255 1884614
389 1884614 1899265
390 1899265 1900416
391 1900416 1901788
392 1901788 1907078
393 1907078 1909635
394 1909635 1912779
395 1912779 1919708
396 1919708 1925969
397 1925969 1935228
398 1935228 1946980
399 1946980 1949108
400 1949108 1955665
401 1955665 1961537
402 1961537 1971622
403 1971622 1979385
404 1979385 1985418
405 1985418 1986696
406 1986696 1991686
407 1991686 2001723
408 2001723 2007282
409 2007282 2010374
410 2010374 2012419
411 2012419 2014428
412 2014428 2016800
413 2016800 2018675
414 2018675 2020144
415 2020144 2021693
416 2021693 2023307
417 2023307 2024995
418 2024995 2028505
419 2028505 2031105
420 2031105 2046433
421 2046433 2049789
422 2049789 2057812
423 2057812 2061541
424 2061541 2065020
425 2065020 2071225
426 2071225 2073830
427 2073830 2077569
428 2077569 2080379
429 2080379 2089795
430 2089795 2091228
431 2091228 2096254
432 2096254 2097705
433 2097705 2099452
434 2099452 2101337
435 2101337 2104262
436 2104262 2112480
437 2112480 2120049
438 2120049 2123589
439 2123589 2133389
440 2133389 2135083
441 2135083 2136084
442 2136084 2137788
443 2137788 2141970
444 2141970 2145781
445 2145781 2146855
446 2146855 2161997
447 2161997 2168556
448 2168556 2172092
449 2172092 2175639
450 2175639 2176904
451 2176904 2181746
452 2181746 2182557
453 2182557 2183105
454 2183105 2190945
455 2190945 2193853
456 2193853 2197531
457 2197531 2200315
458 2200315 2201577
459 2201577 2202619
460 2202619 2204813
461 2204813 2216725
462 2216725 2222131
463 2222131 2228080
464 2228080 2229895
465 2229895 2230994
466 2230994 2253714
467 2253714 2255270
468 2255270 2261940
469 2261940 2268403
470 2268403 2278030
471 2278030 2279709
472 2279709 2283534
473 2283534 2285683
474 2285683 2289492
475 2289492 2291969
476 2291969 2294071
477 2294071 2296643
478 2296643 2300141
479 2300141 2302665
480 2302665 2305244
481 2305244 2325572
482 2325572 2334031
483 2334031 2338463
484 2338463 2342999
485 2342999 2347204
486 2347204 2348799
487 2348799 2353346
488 2353346 2354771
489 2354771 2356014
490 2356014 2357555
491 2357555 2365044
492 2365044 2367285
493 2367285 2385373
494 2385373 2394314
495 2394314 2400052
496 2400052 2404138
497 2404138 2407761
498 2407761 2409876
499 2409876 2426311
500 2426311 2430833
501 2430833 2432048
502 2432048 2434037
503 2434037 2435452
504 2435452 2443690
505 2443690 2448924
506 2448924 2455830
507 2455830 2457821
508 2457821 2466088
509 2466088 2473712
510 2473712 2482280
511 2482280 2487320
512 2487320 2494127
513 2494127 2509281
514 2509281 2516885
515 2516885 2522029
516 2522029 2523461
517 2523461 2525094
518 2525094 2527309
519 2527309 2528189
520 2528189 2534623
521 2534623 2536818
522 2536818 2545178
523 2545178 2549464
524 2549464 2551403
525 2551403 2556703
526 2556703 2562235
527 2562235 2571414
528 2571414 2576169
529 2576169 2585757
530 2585757 2589592
531 2589592 2590728
532 2590728 2592216
533 2592216 2593637
534 2593637 2602779
535 2602779 2603138
536 2603138 2604929
537 2604929 2605760
538 2605760 2607278
539 2607278 2619894
540 2619894 2627990
541 2627990 2632131
542 2632131 2637194
543 2637194 2641720
544 2641720 2650723
545 2650723 2653003
546 2653003 2658430
547 2658430 2661418
548 2661418 2664591
549 2664591 2666335
550 2666335 2674489
551 2674489 2678241
552 2678241 2692475
553 2692475 2695820
554 2695820 2699759
555 2699759 2704134
556 2704134 2715789
557 2715789 2716781
558 2716781 2724847
559 2724847 2731175
560 2731175 2732019
561 2732019 2737763
562 2737763 2753525
563 2753525 2754503
564 2754503 2760630
565 2760630 2761369
566 2761369 2766692
567 2766692 2774816
568 2774816 2776319
569 2776319 2780744
570 2780744 2781507
571 2781507 2790482
572 2790482 2791904
573 2791904 2796384
574 2796384 2800871
575 2800871 2805585
576 2805585 2822889
577 2822889 2825401
578 2825401 2838222
579 2838222 2853057
580 2853057 2862419
581 2862419 2870989
582 2870989 2876269
583 2876269 2888186
584 2888186 2892083
585 2892083 2897572
586 2897572 2902645
587 2902645 2907320
588 2907320 2913373
589 2913373 2917310
590 2917310 2922094
591 2922094 2926654
592 2926654 2933711
593 2933711 2938008
594 2938008 2944027
595 2944027 2947943
596 2947943 2952936
597 2952936 2977786
598 2977786 2980306
599 2980306 2985744
600 2985744 2991179
601 2991179 2996723
602 2996723 3001401
603 3001401 3005874
604 3005874 3009698
605 3009698 3034178
606 3034178 3039343
607 3039343 3055565
608 3055565 3066417
609 3066417 3068776
610 3068776 3074361
611 3074361 3080501
612 3080501 3084248
613 3084248 3092083
614 3092083 3097885
615 3097885 3104978
616 3104978 3109403
617 3109403 3116225
618 3116225 3121736
619 3121736 3129131
620 3129131 3133856
621 3133856 3142569
622 3142569 3148098
623 3148098 3153127
624 3153127 3187665
625 3187665 3190108
626 3190108 3195018
627 3195018 3199675
628 3199675 3202410
629 3202410 3224370
630 3224370 3230043
631 3230043 3235333
632 3235333 3240197
633 3240197 3242888
634 3242888 3247895
635 3247895 3252665
636 3252665 3258794
637 3258794 3263618
638 3263618 3286652
639 3286652 3291852
640 3291852 3296258
641 3296258 3301843
642 3301843 3306899
643 3306899 3312801
644 3312801 3318826
645 3318826 3322453
646 3322453 3328113
647 3328113 3334198
648 3334198 3340904
649 3340904 3344873
650 3344873 3350612
651 3350612 3355852
652 3355852 3360133
653 3360133 3367474
654 3367474 3372801
655 3372801 3377756
656 3377756 3380540
657 3380540 3406069
658 3406069 3411323
659 3411323 3421315
660 3421315 3425985
661 3425985 3430811
662 3430811 3435219
663 3435219 3441642
664 3441642 3466358
665 3466358 3469176
666 3469176 3474804
667 3474804 3480763
668 3480763 3485237
669 3485237 3489023
670 3489023 3493380
671 3493380 3498493
672 3498493 3503883
673 3503883 3523464
674 3523464 3526290
675 3526290 3531482
676 3531482 3540003
677 3540003 3548414
678 3548414 3551758
679 3551758 3557313
680 3557313 3565382
681 3565382 3570974
682 3570974 3577350
683 3577350 3584064
684 3584064 3588430
685 3588430 3596614
686 3596614 3601847
687 3601847 3605964
688 3605964 3613888
689 3613888 3619451
690 3619451 3643836
691 3643836 3648122
692 3648122 3655359
693 3655359 3660583
694 3660583 3666042
695 3666042 3670027
696 3670027 3686111
697 3686111 3691411
698 3691411 3695927
699 3695927 3700516
700 3700516 3703158
701 3703158 3708236
702 3708236 3717793
703 3717793 3722431
704 3722431 3727465
705 3727465 3732545
706 3732545 3736057
707 3736057 3745549
708 3745549 3754282
709 3754282 3758543
710 3758543 3764225
711 3764225 3769618
712 3769618 3789180
713 3789180 3794427
714 3794427 3801322
715 3801322 3804540
716 3804540 3808461
717 3808461 3811751
718 3811751 3823257
719 3823257 3828226
720 3828226 3834425
721 3834425 3839233
722 3839233 3843024
723 3843024 3848332
724 3848332 3852767
725 3852767 3858727
726 3858727 3863964
727 3863964 3870189
728 3870189 3893152
729 3893152 3896183
730 3896183 3901151
731 3901151 3906025
732 3906025 3911784
733 3911784 3914855
734 3914855 3919725
735 3919725 3923938
736 3923938 3928781
737 3928781 3935525
738 3935525 3963027
739 3963027 3966050
740 3966050 3971875
741 3971875 3977529
742 3977529 3980194
743 3980194 3984776
744 3984776 3988453
745 3988453 3993136
746 3993136 3997248
747 3997248 4008730
748 4008730 4019648
749 4019648 4025619
750 4025619 4039254
751 4039254 4044546
752 4044546 4050785
753 4050785 4058900
754 4058900 4067243
755 4067243 4073115
756 4073115 4081097
757 4081097 4086099
758 4086099 4090127
759 4090127 4095085
760 4095085 4102300
761 4102300 4107749
762 4107749 4140393
763 4140393 4143146
764 4143146 4156850
765 4156850 4168451
766 4168451 4176154
767 4176154 4180262
768 4180262 4193375
769 4193375 4196801
770 4196801 4205795
771 4205795 4208989
772 4208989 4212770
773 4212770 4215543
774 4215543 4220475
775 4220475 4237476
776 4237476 4240302
777 4240302 4245085
778 4245085 4252885
779 4252885 4255350
780 4255350 4261487
781 4261487 4283903
782 4283903 4286341
783 4286341 4289298
784 4289298 4308485
785 4308485 4313304
786 4313304 4320388
787 4320388 4330831
788 4330831 4335998
789 4335998 4340999
790 4340999 4343433
791 4343433 4350723
792 4350723 4353975
793 4353975 4359562
794 4359562 4363395
795 4363395 4371128
796 4371128 4375267
797 4375267 4380682
798 4380682 4385849
799 4385849 4392090
800 4392090 4397003
801 4397003 4420176
802 4420176 4434225
803 4434225 4436807
804 4436807 4439388
805 4439388 4442066
806 4442066 4444302
807 4444302 4464485
808 4464485 4469483
809 4469483 4474761
810 4474761 4477956
811 4477956 4480940
812 4480940 4483712
813 4483712 4487183
814 4487183 4490083
815 4490083 4493588
816 4493588 4517093
817 4517093 4522114
818 4522114 4529968
819 4529968 4532748
820 4532748 4537344
821 4537344 4539848
822 4539848 4542406
823 4542406 4549094
824 4549094 4555480
825 4555480 4560761
826 4560761 4565156
827 4565156 4570532
828 4570532 4575626
829 4575626 4600906
830 4600906 4605533
831 4605533 4610169
832 4610169 4615329
833 4615329 4618517
834 4618517 4621291
835 4621291 4624251
836 4624251 4627218
837 4627218 4644578
838 4644578 4649573
839 4649573 4652197
840 4652197 4661088
841 4661088 4664023
842 4664023 4667354
843 4667354 4688566
844 4688566 4694529
845 4694529 4699216
846 4699216 4709902
847 4709902 4721365
848 4721365 4724184
849 4724184 4727577
850 4727577 4733336
851 4733336 4737918
852 4737918 4745077
853 4745077 4752448
854 4752448 4756459
855 4756459 4761216
856 4761216 4764916
857 4764916 4770226
858 4770226 4772715
859 4772715 4778370
860 4778370 4802898
861 4802898 4805629
862 4805629 4808572
863 4808572 4824715
864 4824715 4827505
865 4827505 4830733
866 4830733 4833755
867 4833755 4855755
868 4855755 4860449
869 4860449 4877527
870 4877527 4882296
871 4882296 4899978
872 4899978 4905104
873 4905104 4907724
874 4907724 4921275
875 4921275 4931591
876 4931591 4937368
877 4937368 4943466
878 4943466 4947002
879 4947002 4951780
880 4951780 4961311
881 4961311 4967444
882 4967444 4973150
883 4973150 4980784
884 4980784 4988153
885 4988153 4995336
886 4995336 5001065
887 5001065 5031114
888 5031114 5034933
889 5034933 5039388
890 5039388 5042571
891 5042571 5050732
892 5050732 5053185
893 5053185 5056037
894 5056037 5059584
895 5059584 5063156
896 5063156 5066343
897 5066343 5088144
898 5088144 5094382
899 5094382 5102330
900 5102330 5107025
901 5107025 5109489
902 5109489 5116230
903 5116230 5119638
904 5119638 5122654
905 5122654 5125409
906 5125409 5129021
907 5129021 5143427
908 5143427 5148177
909 5148177 5150535
910 5150535 5155572
911 5155572 5161744
912 5161744 5164561
913 5164561 5167524
914 5167524 5177202
915 5177202 5181897
916 5181897 5187721
917 5187721 5191258
918 5191258 5207766
919 5207766 5213280
920 5213280 5219848
921 5219848 5222644
922 5222644 5225871
923 5225871 5228422
924 5228422 5231820
925 5231820 5234835
926 5234835 5248385
927 5248385 5253638
928 5253638 5261490
929 5261490 5264049
930 5264049 5270473
931 5270473 5276269
932 5276269 5284208
933 5284208 5286995
934 5286995 5290696
935 5290696 5293708
936 5293708 5311772
937 5311772 5314641
938 5314641 5321641
939 5321641 5326831
940 5326831 5331004
941 5331004 5333393
942 5333393 5337984
943 5337984 5343013
944 5343013 5346247
945 5346247 5351166
946 5351166 5356867
947 5356867 5359564
948 5359564 5382572
949 5382572 5387054
950 5387054 5391280
951 5391280 5394573
952 5394573 5412129
953 5412129 5414243
954 5414243 5417307
955 5417307 5432421
956 5432421 5436752
957 5436752 5450227
958 5450227 5452875
959 5452875 5458715
960 5458715 5461718
961 5461718 5477200
962 5477200 5481283
963 5481283 5484296
964 5484296 5489496
965 5489496 5496747
966 5496747 5506709
967 5506709 5510789
968 5510789 5515099
969 5515099 5519570
970 5519570 5522353
971 5522353 5530591
972 5530591 5552717
973 5552717 5563044
974 5563044 5570621
975 5570621 5576337
976 5576337 5582060
977 5582060 5588510
978 5588510 5595031
979 5595031 5599114
980 5599114 5603999
981 5603999 5609283
982 5609283 5614514
983 5614514 5617515
984 5617515 5620329
985 5620329 5625544
986 5625544 5647970
987 5647970 5649931
988 5649931 5650645
989 5650645 5651252
990 5651252 5652071
991 5652071 5652480
992 5652480 5654056
993 5654056 5655642
994 5655642 5656653
995 5656653 5657722
996 5657722 5660472
997 5660472 5664429
998 5664429 5665313
999 5665313 5669378
1000 5669378 5670605
1001 5670605 5673117
1002 5673117 5676105
1003 5676105 5677084
1004 5677084 5678924
1005 5678924 5679267
1006 5679267 5679865
1007 5679865 5683029
1008 5683029 5685728
1009 5685728 5689482
1010 5689482 5691441
1011 5691441 5693580
1012 5693580 5694788
1013 5694788 5696309
1014 5696309 5699088
1015 5699088 5700039
1016 5700039 5702695
1017 5702695 5704394
1018 5704394 5708814
1019 5708814 5710700
1020 5710700 5712337
1021 5712337 5714652
1022 5714652 5714959
1023 5714959 5717369
1024 5717369 5718258
1025 5718258 5718654
1026 5718654 5718956
1027 5718956 5719852
1028 5719852 5720164
1029 5720164 5723199
1030 5723199 5723462
1031 5723462 5723929
1032 5723929 5724510
1033 5724510 5724828
1034 5724828 5725132
1035 5725132 5725478
1036 5725478 5727583
1037 5727583 5728140
1038 5728140 5728429
1039 5728429 5729115
1040 5729115 5729356
1041 5729356 5732188
1042 5732188 5734224
1043 5734224 5736024
1044 5736024 5738140
1045 5738140 5740526
1046 5740526 5742898
1047 5742898 5744241
1048 5744241 5744468
1049 5744468 5744771
1050 5744771 5746053
1051 5746053 5747018
1052 5747018 5747827
1053 5747827 5748627
1054 5748627 5749408
1055 5749408 5750247
1056 5750247 5751025
1057 5751025 5751641
1058 5751641 5752889
1059 5752889 5754024
1060 5754024 5755852
1061 5755852 5757915
1062 5757915 5759824
1063 5759824 5761008
1064 5761008 5763146
1065 5763146 5766378
1066 5766378 5767948
1067 5767948 5770288
1068 5770288 5771684
1069 5771684 5774843
1070 5774843 5776620
1071 5776620 5778283
1072 5778283 5782080
1073 5782080 5784150
1074 5784150 5785479
1075 5785479 5787414
1076 5787414 5789512
1077 5789512 5791468
1078 5791468 5793553
1079 5793553 5795762
1080 5795762 5797998
1081 5797998 5799781
1082 5799781 5801209
1083 5801209 5804391
1084 5804391 5805030
1085 5805030 5807453
1086 5807453 5809256
1087 5809256 5810840
1088 5810840 5813193
1089 5813193 5817272
1090 5817272 5821712
1091 5821712 5825282
1092 5825282 5827599
1093 5827599 5828834
1094 5828834 5829957
1095 5829957 5830479
1096 5830479 5833692
1097 5833692 5835853
1098 5835853 5846097
1099 5846097 5847274
1100 5847274 5848667
1101 5848667 5853899
1102 5853899 5860604
1103 5860604 5868480
1104 5868480 5869948
1105 5869948 5871770
1106 5871770 5874066
1107 5874066 5877530
1108 5877530 5879538
1109 5879538 5881690
1110 5881690 5887789
1111 5887789 5889915
1112 5889915 5891422
1113 5891422 5892579
1114 5892579 5895807
1115 5895807 5902172
1116 5902172 5904206
1117 5904206 5906648
1118 5906648 5909307
1119 5909307 5911970
1120 5911970 5915623
1121 5915623 5917086
1122 5917086 5925632
1123 5925632 5929592
1124 5929592 5931122
1125 5931122 5941618
1126 5941618 5945768
1127 5945768 5953021
1128 5953021 5956431
1129 5956431 5962977
1130 5962977 5967400
1131 5967400 5972112
1132 5972112 5975156
1133 5975156 5976527
1134 5976527 5979651
1135 5979651 5981658
1136 5981658 5983378
1137 5983378 5985144
1138 5985144 5988548
1139 5988548 5990663
1140 5990663 5992843
1141 5992843 5993877
1142 5993877 5995821
1143 5995821 5999829
1144 5999829 6002078
1145 6002078 6007527
1146 6007527 6009322
1147 6009322 6011269
1148 6011269 6013864
1149 6013864 6016109
1150 6016109 6018346
1151 6018346 6020190
1152 6020190 6022624
1153 6022624 6027629
1154 6027629 6041355
1155 6041355 6046778
1156 6046778 6047805
1157 6047805 6062361
1158 6062361 6064266
1159 6064266 6065922
1160 6065922 6067068
1161 6067068 6068636
1162 6068636 6070451
1163 6070451 6076580
1164 6076580 6079619
1165 6079619 6082748
1166 6082748 6085185
1167 6085185 6087190
1168 6087190 6090091
1169 6090091 6095545
1170 6095545 6110988
1171 6110988 6118278
1172 6118278 6121684
1173 6121684 6124969
1174 6124969 6127560
1175 6127560 6130571
1176 6130571 6131964
1177 6131964 6134312
1178 6134312 6139636
1179 6139636 6141298
1180 6141298 6142645
1181 6142645 6144686
1182 6144686 6147340
1183 6147340 6148886
1184 6148886 6150426
1185 6150426 6151871
1186 6151871 6154412
1187 6154412 6162963
1188 6162963 6167233
1189 6167233 6170504
1190 6170504 6183407
1191 6183407 6188027
1192 6188027 6190444
1193 6190444 6192917
1194 6192917 6193622
1195 6193622 6195044
1196 6195044 6205172
1197 6205172 6226979
1198 6226979 6227896
1199 6227896 6231455
1200 6231455 6232923
1201 6232923 6234036
1202 6234036 6239841
1203 6239841 6241099
1204 6241099 6242055
1205 6242055 6252921
1206 6252921 6254322
1207 6254322 6272093
1208 6272093 6281612
1209 6281612 6284501
1210 6284501 6288517
1211 6288517 6289918
1212 6289918 6294562
1213 6294562 6300563
1214 6300563 6301668
1215 6301668 6304015
1216 6304015 6312226
1217 6312226 6315526
1218 6315526 6317413
1219 6317413 6317988
1220 6317988 6319581
1221 6319581 6321902
1222 6321902 6325755
1223 6325755 6331734
1224 6331734 6333109
1225 6333109 6336322
1226 6336322 6337607
1227 6337607 6338966
1228 6338966 6340115
1229 6340115 6345696
1230 6345696 6346671
1231 6346671 6351080
1232 6351080 6351468
1233 6351468 6360388
1234 6360388 6364023
1235 6364023 6365674
1236 6365674 6367057
1237 6367057 6373497
1238 6373497 6377614
1239 6377614 6378909
1240 6378909 6381897
1241 6381897 6384598
1242 6384598 6386422
1243 6386422 6390577
1244 6390577 6403438
1245 6403438 6404957
1246 6404957 6409031
1247 6409031 6412655
1248 6412655 6414064
1249 6414064 6415196
1250 6415196 6419199
1251 6419199 6426116
1252 6426116 6427744
1253 6427744 6429306
1254 6429306 6430803
1255 6430803 6433278
1256 6433278 6435480
1257 6435480 6437271
1258 6437271 6439079
1259 6439079 6440278
1260 6440278 6441958
1261 6441958 6442807
1262 6442807 6449872
1263 6449872 6458044
1264 6458044 6459565
1265 6459565 6460692
1266 6460692 6465403
1267 6465403 6467869
1268 6467869 6469078
1269 6469078 6475556
1270 6475556 6477370
1271 6477370 6484965
1272 6484965 6487174
1273 6487174 6493606
1274 6493606 6497641
1275 6497641 6499076
1276 6499076 6507451
1277 6507451 6514387
1278 6514387 6523958
1279 6523958 6527642
1280 6527642 6529909
1281 6529909 6533342
1282 6533342 6538112
1283 6538112 6539835
1284 6539835 6541186
1285 6541186 6546759
1286 6546759 6548055
1287 6548055 6550067
1288 6550067 6552787
1289 6552787 6555263
1290 6555263 6556535
1291 6556535 6563411
1292 6563411 6566636
1293 6566636 6569288
1294 6569288 6574588
1295 6574588 6576561
1296 6576561 6579189
1297 6579189 6584022
1298 6584022 6588808
1299 6588808 6593353
1300 6593353 6596499
1301 6596499 6604252
1302 6604252 6610123
1303 6610123 6613710
1304 6613710 6617112
1305 6617112 6619536
1306 6619536 6623089
1307 6623089 6625322
1308 6625322 6627420
1309 6627420 6636667
1310 6636667 6642135
1311 6642135 6649719
1312 6649719 6655219
1313 6655219 6660137
1314 6660137 6668463
1315 6668463 6680474
1316 6680474 6686865
1317 6686865 6688357
1318 6688357 6690274
1319 6690274 6691309
1320 6691309 6696668
1321 6696668 6699680
1322 6699680 6700410
1323 6700410 6704660
1324 6704660 6705535
1325 6705535 6708743
1326 6708743 6709536
1327 6709536 6710516
1328 6710516 6714804
1329 6714804 6716139
1330 6716139 6718006
1331 6718006 6719214
1332 6719214 6720910
1333 6720910 6721848
1334 6721848 6724406
1335 6724406 6728850
1336 6728850 6733592
1337 6733592 6734762
1338 6734762 6737064
1339 6737064 6738080
1340 6738080 6740112
1341 6740112 6741365
1342 6741365 6742908
1343 6742908 6743522
1344 6743522 6747547
1345 6747547 6749055
1346 6749055 6753926
1347 6753926 6756468
1348 6756468 6758594
1349 6758594 6761142
1350 6761142 6763441
1351 6763441 6766985
1352 6766985 6768717
1353 6768717 6769899
1354 6769899 6772565
1355 6772565 6774650
1356 6774650 6776605
1357 6776605 6780955
1358 6780955 6795611
1359 6795611 6797793
1360 6797793 6804438
1361 6804438 6818226
1362 6818226 6827345
1363 6827345 6831108
1364 6831108 6835772
1365 6835772 6839469
1366 6839469 6845198
1367 6845198 6846946
1368 6846946 6850990
1369 6850990 6852939
1370 6852939 6862760
1371 6862760 6869304
1372 6869304 6871814
1373 6871814 6876400
1374 6876400 6884008
1375 6884008 6886151
1376 6886151 6889913
1377 6889913 6894283
1378 6894283 6895426
1379 6895426 6897697
1380 6897697 6905824
1381 6905824 6917415
1382 6917415 6919504
1383 6919504 6923153
1384 6923153 6928364
1385 6928364 6933740
1386 6933740 6938944
1387 6938944 6945326
1388 6945326 6946401
1389 6946401 6953641
1390 6953641 6956626
1391 6956626 6966203
1392 6966203 6970464
1393 6970464 6976930
1394 6976930 6979857
1395 6979857 6981493
1396 6981493 6984456
1397 6984456 6987899
1398 6987899 6989713
1399 6989713 6995309
1400 6995309 7004423
1401 7004423 7006758
1402 7006758 7015220
1403 7015220 7022060
1404 7022060 7028562
1405 7028562 7032293
1406 7032293 7035717
1407 7035717 7038647
1408 7038647 7042103
1409 7042103 7042615
1410 7042615 7044825
1411 7044825 7048793
1412 7048793 7051745
1413 7051745 7055366
1414 7055366 7058104
1415 7058104 7064707
1416 7064707 7074171
1417 7074171 7082652
1418 7082652 7093220
1419 7093220 7102955
1420 7102955 7113272
1421 7113272 7121271
1422 7121271 7126786
1423 7126786 7133071
1424 7133071 7136663
1425 7136663 7140694
1426 7140694 7142293
1427 7142293 7143997
1428 7143997 7147190
1429 7147190 7150745
1430 7150745 7156723
1431 7156723 7161358
1432 7161358 7164883
1433 7164883 7176528
1434 7176528 7181721
1435 7181721 7186568
1436 7186568 7187680
1437 7187680 7191888
1438 7191888 7195587
1439 7195587 7199071
1440 7199071 7203670
1441 7203670 7211697
1442 7211697 7213984
1443 7213984 7219563
1444 7219563 7223982
1445 7223982 7230555
1446 7230555 7235386
1447 7235386 7237595
1448 7237595 7239780
1449 7239780 7241315
1450 7241315 7244670
1451 7244670 7249307
1452 7249307 7253483
1453 7253483 7259760
1454 7259760 7268379
1455 7268379 7270274
1456 7270274 7276096
1457 7276096 7283412
1458 7283412 7284739
1459 7284739 7288201
1460 7288201 7292350
1461 7292350 7294018
1462 7294018 7301354
1463 7301354 7304150
1464 7304150 7314331
1465 7314331 7318665
1466 7318665 7324511
1467 7324511 7325367
1468 7325367 7329165
1469 7329165 7331182
1470 7331182 7333185
1471 7333185 7334794
1472 7334794 7337402
1473 7337402 7339457
1474 7339457 7343257
1475 7343257 7344247
1476 7344247 7345502
1477 7345502 7347476
1478 7347476 7348962
1479 7348962 7352821
1480 7352821 7358587
1481 7358587 7360875
1482 7360875 7363825
1483 7363825 7365377
1484 7365377 7371175
1485 7371175 7373881
1486 7373881 7375216
1487 7375216 7376529
1488 7376529 7377911
1489 7377911 7385914
1490 7385914 7387674
1491 7387674 7390552
1492 7390552 7391842
1493 7391842 7393320
1494 7393320 7398492
1495 7398492 7401581
1496 7401581 7402925
1497 7402925 7405761
1498 7405761 7407252
1499 7407252 7408229
1500 7408229 7411052
1501 7411052 7412594
1502 7412594 7413549
1503 7413549 7416597
1504 7416597 7417867
1505 7417867 7426694
1506 7426694 7429350
1507 7429350 7431022
1508 7431022 7433304
1509 7433304 7435342
1510 7435342 7441643
1511 7441643 7443769
1512 7443769 7445383
1513 7445383 7448578
1514 7448578 7452685
1515 7452685 7455416
1516 7455416 7458346
1517 7458346 7459430
1518 7459430 7460896
1519 7460896 7466449
1520 7466449 7470115
1521 7470115 7472243
1522 7472243 7478099
1523 7478099 7484927
1524 7484927 7486195
1525 7486195 7487762
1526 7487762 7488166
1527 7488166 7490412
1528 7490412 7493405
1529 7493405 7494672
1530 7494672 7495641
1531 7495641 7497556
1532 7497556 7500570
1533 7500570 7507503
1534 7507503 7510211
1535 7510211 7511821
1536 7511821 7513636
1537 7513636 7515388
1538 7515388 7516395
1539 7516395 7525401
1540 7525401 7531058
1541 7531058 7536773
1542 7536773 7542305
1543 7542305 7549094
1544 7549094 7551214
1545 7551214 7570717
1546 7570717 7578444
1547 7578444 7580310
1548 7580310 7581594
1549 7581594 7584676
1550 7584676 7586580
1551 7586580 7589319
1552 7589319 7593540
1553 7593540 7594999
1554 7594999 7595640
1555 7595640 7602258
1556 7602258 7604720
1557 7604720 7606595
1558 7606595 7609988
1559 7609988 7611923
1560 7611923 7625728
1561 7625728 7626316
1562 7626316 7628002
1563 7628002 7631079
1564 7631079 7633493
1565 7633493 7636371
1566 7636371 7654791
1567 7654791 7657655
1568 7657655 7660408
1569 7660408 7661705
1570 7661705 7662858
1571 7662858 7663766
1572 7663766 7664794
1573 7664794 7665837
1574 7665837 7668244
1575 7668244 7670035
1576 7670035 7671235
1577 7671235 7672185
1578 7672185 7673366
1579 7673366 7674771
1580 7674771 7675817
1581 7675817 7677814
1582 7677814 7680487
1583 7680487 7681810
1584 7681810 7684600
1585 7684600 7687466
1586 7687466 7690513
1587 7690513 7691623
1588 7691623 7695298
1589 7695298 7699642
1590 7699642 7703022
1591 7703022 7708953
1592 7708953 7712302
1593 7712302 7713272
1594 7713272 7715649
1595 7715649 7720326
1596 7720326 7721170
1597 7721170 7727025
1598 7727025 7728309
1599 7728309 7734374
1600 7734374 7735298
1601 7735298 7736966
1602 7736966 7737889
1603 7737889 7741213
1604 7741213 7747680
1605 7747680 7748556
1606 7748556 7752026
1607 7752026 7756113
1608 7756113 7757410
1609 7757410 7758541
1610 7758541 7760393
1611 7760393 7761978
1612 7761978 7764525
1613 7764525 7767071
1614 7767071 7768869
1615 7768869 7770298
1616 7770298 7773258
1617 7773258 7775745
1618 7775745 7777363
1619 7777363 7779274
1620 7779274 7780405
1621 7780405 7781406
1622 7781406 7784820
1623 7784820 7786828
1624 7786828 7788807
1625 7788807 7791081
1626 7791081 7793085
1627 7793085 7796259
1628 7796259 7798103
1629 7798103 7801350
1630 7801350 7801917
1631 7801917 7803072
1632 7803072 7803932
1633 7803932 7806550
1634 7806550 7807657
1635 7807657 7809987
1636 7809987 7811899
1637 7811899 7813373
1638 7813373 7814147
1639 7814147 7815874
1640 7815874 7818462
1641 7818462 7820078
1642 7820078 7822414
1643 7822414 7824853
1644 7824853 7827152
1645 7827152 7828269
1646 7828269 7830839
1647 7830839 7832315
1648 7832315 7836551
1649 7836551 7838710
1650 7838710 7840550
1651 7840550 7844813
1652 7844813 7845400
1653 7845400 7846280
1654 7846280 7848894
1655 7848894 7853183
1656 7853183 7856791
1657 7856791 7857745
1658 7857745 7861309
1659 7861309 7862580
1660 7862580 7865025
1661 7865025 7867729
1662 7867729 7871535
1663 7871535 7873236
1664 7873236 7875987
1665 7875987 7876551
1666 7876551 7880751
1667 7880751 7886873
1668 7886873 7888661
1669 7888661 7892304
1670 7892304 7894809
1671 7894809 7900639
1672 7900639 7908455
1673 7908455 7913444
1674 7913444 7914401
1675 7914401 7915724
1676 7915724 7917807
1677 7917807 7921922
1678 7921922 7925466
1679 7925466 7926122
1680 7926122 7930231
1681 7930231 7933191
1682 7933191 7936094
1683 7936094 7939649
1684 7939649 7945311
1685 7945311 7950008
1686 7950008 7955152
1687 7955152 7957909
1688 7957909 7967127
1689 7967127 7976583
1690 7976583 7982181
1691 7982181 7984254
1692 7984254 7991659
1693 7991659 7994317
1694 7994317 8002733
1695 8002733 8004091
1696 8004091 8006025
1697 8006025 8009163
1698 8009163 8013773
1699 8013773 8015848
1700 8015848 8017099
1701 8017099 8018370
1702 8018370 8023709
1703 8023709 8026542
1704 8026542 8030608
1705 8030608 8031796
1706 8031796 8033870
1707 8033870 8036066
1708 8036066 8037455
1709 8037455 8040399
1710 8040399 8042035
1711 8042035 8042824
1712 8042824 8043408
1713 8043408 8044321
1714 8044321 8045045
1715 8045045 8045630
1716 8045630 8046253
1717 8046253 8047646
1718 8047646 8051222
1719 8051222 8055013
1720 8055013 8055577
1721 8055577 8057714
1722 8057714 8059104
1723 8059104 8062552
1724 8062552 8068854
1725 8068854 8072174
1726 8072174 8077550
1727 8077550 8080612
1728 8080612 8084475
1729 8084475 8087817
1730 8087817 8090908
1731 8090908 8092895
1732 8092895 8096145
1733 8096145 8100006
1734 8100006 8103680
1735 8103680 8114884
1736 8114884 8125011
1737 8125011 8127114
1738 8127114 8130990
1739 8130990 8134490
1740 8134490 8138760
1741 8138760 8140329
1742 8140329 8141839
1743 8141839 8144244
1744 8144244 8146246
1745 8146246 8149400
1746 8149400 8152213
1747 8152213 8154653
1748 8154653 8161416
1749 8161416 8169685
1750 8169685 8173450
1751 8173450 8178520
1752 8178520 8182070
1753 8182070 8184008
1754 8184008 8185049
1755 8185049 8186509
1756 8186509 8187728
1757 8187728 8189876
1758 8189876 8191224
1759 8191224 8193011
1760 8193011 8194868
1761 8194868 8197099
1762 8197099 8198952
1763 8198952 8206668
1764 8206668 8225072
1765 8225072 8229000
1766 8229000 8233460
1767 8233460 8236855
1768 8236855 8240453
1769 8240453 8251015
1770 8251015 8255129
1771 8255129 8256397
1772 8256397 8257340
1773 8257340 8258895
1774 8258895 8259911
1775 8259911 8261935
1776 8261935 8266448
1777 8266448 8268129
1778 8268129 8274422
1779 8274422 8282171
1780 8282171 8284215
1781 8284215 8288269
1782 8288269 8290993
1783 8290993 8295815
1784 8295815 8304714
1785 8304714 8309742
1786 8309742 8317768
1787 8317768 8322604
1788 8322604 8332694
1789 8332694 8334957
1790 8334957 8336625
1791 8336625 8338777
1792 8338777 8340704
1793 8340704 8343192
1794 8343192 8346138
1795 8346138 8348772
1796 8348772 8362125
1797 8362125 8364666
1798 8364666 8366978
1799 8366978 8370116
1800 8370116 8380328
1801 8380328 8385100
1802 8385100 8392152
1803 8392152 8395864
1804 8395864 8399343
1805 8399343 8402242
1806 8402242 8408172
1807 8408172 8411308
1808 8411308 8417219
1809 8417219 8422044
1810 8422044 8435831
1811 8435831 8439714
1812 8439714 8442736
1813 8442736 8444412
1814 8444412 8452573
1815 8452573 8458317
1816 8458317 8470872
1817 8470872 8474740
1818 8474740 8476997
1819 8476997 8482517
1820 8482517 8488419
1821 8488419 8496399
1822 8496399 8506594
1823 8506594 8510249
1824 8510249 8513690
1825 8513690 8515927
1826 8515927 8519763
1827 8519763 8521846
1828 8521846 8523382
1829 8523382 8530813
1830 8530813 8531886
1831 8531886 8532883
1832 8532883 8536214
1833 8536214 8538092
1834 8538092 8542206
1835 8542206 8546286
1836 8546286 8547736
1837 8547736 8552709
1838 8552709 8555364
1839 8555364 8557170
1840 8557170 8559199
1841 8559199 8560737
1842 8560737 8562927
1843 8562927 8563979
1844 8563979 8569468
1845 8569468 8571489
1846 8571489 8573040
1847 8573040 8574946
1848 8574946 8576166
1849 8576166 8577393
1850 8577393 8584401
1851 8584401 8588207
1852 8588207 8589279
1853 8589279 8591801
1854 8591801 8594082
1855 8594082 8597354
1856 8597354 8599991
1857 8599991 8630083
1858 8630083 8631229
1859 8631229 8633025
1860 8633025 8638184
1861 8638184 8639484
1862 8639484 8641184
1863 8641184 8642965
1864 8642965 8645425
1865 8645425 8647153
1866 8647153 8648785
1867 8648785 8651474
1868 8651474 8654746
1869 8654746 8659460
1870 8659460 8661294
1871 8661294 8662299
1872 8662299 8663843
1873 8663843 8665947
1874 8665947 8667525
1875 8667525 8669375
1876 8669375 8670713
1877 8670713 8672670
1878 8672670 8674343
1879 8674343 8675253
1880 8675253 8678021
1881 8678021 8679946
1882 8679946 8686151
1883 8686151 8688930
1884 8688930 8690384
1885 8690384 8691640
1886 8691640 8694378
1887 8694378 8695885
1888 8695885 8698252
1889 8698252 8699770
1890 8699770 8701160
1891 8701160 8703402
1892 8703402 8704973
1893 8704973 8706739
1894 8706739 8712009
1895 8712009 8717669
1896 8717669 8719395
1897 8719395 8720743
1898 8720743 8723764
1899 8723764 8725417
1900 8725417 8728258
1901 8728258 8729170
1902 8729170 8730829
1903 8730829 8734876
1904 8734876 8738164
1905 8738164 8741201
1906 8741201 8744610
1907 8744610 8747374
1908 8747374 8748833
1909 8748833 8750255
1910 8750255 8751191
1911 8751191 8753408
1912 8753408 8754550
1913 8754550 8757926
1914 8757926 8761179
1915 8761179 8765009
1916 8765009 8766815
1917 8766815 8771739
1918 8771739 8773576
1919 8773576 8774597
1920 8774597 8775919
1921 8775919 8776956
1922 8776956 8778170
1923 8778170 8783308
1924 8783308 8785215
1925 8785215 8786396
1926 8786396 8787740
1927 8787740 8789030
1928 8789030 8793265
1929 8793265 8794823
1930 8794823 8797564
1931 8797564 8799757
1932 8799757 8800908
1933 8800908 8802794
1934 8802794 8807845
1935 8807845 8810235
1936 8810235 8816645
1937 8816645 8820283
1938 8820283 8827198
1939 8827198 8837435
1940 8837435 8839668
1941 8839668 8843398
1942 8843398 8845789
1943 8845789 8849552
1944 8849552 8852554
1945 8852554 8856383
1946 8856383 8858060
1947 8858060 8868254
1948 8868254 8870453
1949 8870453 8875495
1950 8875495 8877970
1951 8877970 8879539
1952 8879539 8887552
1953 8887552 8894402
1954 8894402 8898910
1955 8898910 8908583
1956 8908583 8915051
1957 8915051 8920844
1958 8920844 8923777
1959 8923777 8929515
1960 8929515 8940021
1961 8940021 8944392
1962 8944392 8950613
1963 8950613 8955308
1964 8955308 8957640
1965 8957640 8961127
1966 8961127 8970089
1967 8970089 8971952
1968 8971952 8977750
1969 8977750 8981855
1970 8981855 8985965
1971 8985965 8988633
1972 8988633 8989057
1973 8989057 8990970
1974 8990970 8998430
1975 8998430 9002936
1976 9002936 9005422
1977 9005422 9007222
1978 9007222 9010366
1979 9010366 9013949
1980 9013949 9016798
1981 9016798 9022094
1982 9022094 9023327
1983 9023327 9024546
1984 9024546 9027717
1985 9027717 9035395
1986 9035395 9043106
1987 9043106 9044352
1988 9044352 9050445
1989 9050445 9052194
1990 9052194 9054580
1991 9054580 9059475
1992 9059475 9061255
1993 9061255 9064669
1994 9064669 9066653
1995 9066653 9067881
1996 9067881 9070579
1997 9070579 9071306
1998 9071306 9074163
1999 9074163 9079430
2000 9079430 9081143
2001 9081143 9084034
2002 9084034 9088253
2003 9088253 9089561
2004 9089561 9090729
2005 9090729 9092404
2006 9092404 9093643
2007 9093643 9095362
2008 9095362 9096243
2009 9096243 9097165
2010 9097165 9101049
2011 9101049 9101936
2012 9101936 9105107
2013 9105107 9113009
2014 9113009 9115613
2015 9115613 9117176
2016 9117176 9120394
2017 9120394 9121609
2018 9121609 9124365
2019 9124365 9126773
2020 9126773 9128176
2021 9128176 9129262
2022 9129262 9132391
2023 9132391 9133912
2024 9133912 9142322
2025 9142322 9143842
2026 9143842 9145955
2027 9145955 9146968
2028 9146968 9148691
2029 9148691 9150373
2030 9150373 9151344
2031 9151344 9161047
2032 9161047 9165063
2033 9165063 9167085
2034 9167085 9170272
2035 9170272 9172776
2036 9172776 9180616
2037 9180616 9183333
2038 9183333 9185401
2039 9185401 9191672
2040 9191672 9195971
2041 9195971 9200390
2042 9200390 9204278
2043 9204278 9211219
2044 9211219 9214877
2045 9214877 9218215
2046 9218215 9222893
2047 9222893 9228213
2048 9228213 9232710
2049 9232710 9236183
2050 9236183 9240358
2051 9240358 9241551
2052 9241551 9249552
2053 9249552 9254177
2054 9254177 9258620
2055 9258620 9263048
2056 9263048 9267188
2057 9267188 9272806
2058 9272806 9280658
2059 9280658 9283058
2060 9283058 9285239
2061 9285239 9288243
2062 9288243 9291241
2063 9291241 9295909
2064 9295909 9301392
2065 9301392 9304614
2066 9304614 9308756
2067 9308756 9314270
2068 9314270 9319006
2069 9319006 9324178
2070 9324178 9326722
2071 9326722 9329504
2072 9329504 9332526
2073 9332526 9340842
2074 9340842 9342124
2075 9342124 9342948
2076 9342948 9347150
2077 9347150 9350548
2078 9350548 9352146
2079 9352146 9362149
2080 9362149 9365271
2081 9365271 9374080
2082 9374080 9378097
2083 9378097 9383396
2084 9383396 9388382
2085 9388382 9397020
2086 9397020 9401871
2087 9401871 9405845
2088 9405845 9406420
2089 9406420 9411160
2090 9411160 9415608
2091 9415608 9419476
2092 9419476 9425355
2093 9425355 9432626
2094 9432626 9439149
2095 9439149 9441776
2096 9441776 9445190
2097 9445190 9446211
2098 9446211 9469176
2099 9469176 9487811
2100 9487811 9490448
2101 9490448 9498979
2102 9498979 9500679
2103 9500679 9503127
2104 9503127 9510317
2105 9510317 9513710
2106 9513710 9524778
2107 9524778 9527707
2108 9527707 9531272
2109 9531272 9534548
2110 9534548 9539438
2111 9539438 9546757
2112 9546757 9553714
2113 9553714 9559960
2114 9559960 9561088
2115 9561088 9563927
2116 9563927 9567427
2117 9567427 9568527
2118 9568527 9571018
2119 9571018 9572625
2120 9572625 9579023
2121 9579023 9592702
2122 9592702 9594853
2123 9594853 9607860
2124 9607860 9614384
2125 9614384 9617316
2126 9617316 9622402
2127 9622402 9624419
2128 9624419 9633518
2129 9633518 9640136
2130 9640136 9642670
2131 9642670 9649170
2132 9649170 9650007
2133 9650007 9651158
2134 9651158 9654152
2135 9654152 9658618
2136 9658618 9668352
2137 9668352 9670598
2138 9670598 9673819
2139 9673819 9675975
2140 9675975 9678312
2141 9678312 9705410
2142 9705410 9707360
2143 9707360 9709190
2144 9709190 9714620
2145 9714620 9720140
2146 9720140 9722697
2147 9722697 9726165
2148 9726165 9730997
2149 9730997 9734780
2150 9734780 9738216
2151 9738216 9753760
2152 9753760 9757960
2153 9757960 9761613
2154 9761613 9771826
2155 9771826 9773564
2156 9773564 9775123
2157 9775123 9781047
2158 9781047 9792063
2159 9792063 9797373
2160 9797373 9801285
2161 9801285 9803540
2162 9803540 9804264
2163 9804264 9805854
2164 9805854 9810563
2165 9810563 9813358
2166 9813358 9815369
2167 9815369 9824220
2168 9824220 9830551
2169 9830551 9835802
2170 9835802 9837834
2171 9837834 9844368
2172 9844368 9847396
2173 9847396 9850394
2174 9850394 9857964
2175 9857964 9859720
2176 9859720 9861896
2177 9861896 9864547
2178 9864547 9866305
2179 9866305 9873979
2180 9873979 9877419
2181 9877419 9880516
2182 9880516 9882475
2183 9882475 9888109
2184 9888109 9896354
2185 9896354 9899621
2186 9899621 9900258
2187 9900258 9903974
2188 9903974 9909157
2189 9909157 9916126
2190 9916126 9917107
2191 9917107 9919530
2192 9919530 9923958
2193 9923958 9927570
2194 9927570 9930535
2195 9930535 9936221
2196 9936221 9941369
2197 9941369 9948783
2198 9948783 9949967
2199 9949967 9953966
2200 9953966 9955373
2201 9955373 9962780
2202 9962780 9966133
2203 9966133 9970575
2204 9970575 9975511
2205 9975511 9977916
2206 9977916 9984055
2207 9984055 9986394
2208 9986394 9988162
2209 9988162 10003534
2210 10003534 10008987
2211 10008987 10010418
2212 10010418 10016174
2213 10016174 10017627
2214 10017627 10022320
2215 10022320 10026989
2216 10026989 10036817
2217 10036817 10038608
2218 10038608 10042145
2219 10042145 10057911
2220 10057911 10067568
2221 10067568 10071537
2222 10071537 10079493
2223 10079493 10083350
2224 10083350 10097501
2225 10097501 10102960
2226 10102960 10106349
2227 10106349 10110089
2228 10110089 10116495
2229 10116495 10118032
2230 10118032 10120766
2231 10120766 10122909
2232 10122909 10126067
2233 10126067 10127719
2234 10127719 10136283
2235 10136283 10139836
2236 10139836 10143276
2237 10143276 10151241
2238 10151241 10159490
2239 10159490 10168176
2240 10168176 10173911
2241 10173911 10181042
2242 10181042 10182886
2243 10182886 10189359
2244 10189359 10198444
2245 10198444 10202357
2246 10202357 10206999
2247 10206999 10209775
2248 10209775 10212221
2249 10212221 10216131
2250 10216131 10220989
2251 10220989 10225300
2252 10225300 10228596
2253 10228596 10235697
2254 10235697 10244321
2255 10244321 10252858
2256 10252858 10255703
2257 10255703 10256397
2258 10256397 10260635
2259 10260635 10268819
2260 10268819 10277204
2261 10277204 10282660
2262 10282660 10285121
2263 10285121 10292767
2264 10292767 10299457
2265 10299457 10302404
2266 10302404 10303511
2267 10303511 10306612
2268 10306612 10317260
2269 10317260 10324871
2270 10324871 10332535
2271 10332535 10333623
2272 10333623 10336639
2273 10336639 10344714
2274 10344714 10351703
2275 10351703 10355812
2276 10355812 10365439
2277 10365439 10375117
2278 10375117 10377870
2279 10377870 10381711
2280 10381711 10387449
2281 10387449 10402279
2282 10402279 10405371
2283 10405371 10409874
2284 10409874 10417813
2285 10417813 10424359
2286 10424359 10426913
2287 10426913 10430826
2288 10430826 10434674
2289 10434674 10438107
2290 10438107 10443232
2291 10443232 10445519
2292 10445519 10446929
2293 10446929 10450971
2294 10450971 10452008
2295 10452008 10455541
2296 10455541 10458888
2297 10458888 10462610
2298 10462610 10465933
2299 10465933 10468444
2300 10468444 10469477
2301 10469477 10470785
2302 10470785 10478898
2303 10478898 10485957
2304 10485957 10490487
2305 10490487 10497831
2306 10497831 10498873
2307 10498873 10502249
2308 10502249 10511366
2309 10511366 10513560
2310 10513560 10519902
2311 10519902 10526235
2312 10526235 10527424
2313 10527424 10528301
2314 10528301 10535148
2315 10535148 10538776
2316 10538776 10541503
2317 10541503 10545876
2318 10545876 10551393
2319 10551393 10554466
2320 10554466 10557271
2321 10557271 10561069
2322 10561069 10563249
2323 10563249 10567313
2324 10567313 10580508
2325 10580508 10583079
2326 10583079 10585054
2327 10585054 10588733
2328 10588733 10592655
2329 10592655 10596587
2330 10596587 10598540
2331 10598540 10604035
2332 10604035 10610968
2333 10610968 10613533
2334 10613533 10618172
2335 10618172 10625205
2336 10625205 10626765
2337 10626765 10629306
2338 10629306 10632036
2339 10632036 10632907
2340 10632907 10638325
2341 10638325 10638651
2342 10638651 10639546
2343 10639546 10643180
2344 10643180 10649163
2345 10649163 10650458
2346 10650458 10651900
2347 10651900 10654344
2348 10654344 10656604
2349 10656604 10660438
2350 10660438 10664556
2351 10664556 10665542
2352 10665542 10666739
2353 10666739 10668580
2354 10668580 10670640
2355 10670640 10673824
2356 10673824 10681025
2357 10681025 10689695
2358 10689695 10693719
2359 10693719 10697774
2360 10697774 10702459
2361 10702459 10706420
2362 10706420 10707635
2363 10707635 10711909
2364 10711909 10714675
2365 10714675 10716449
2366 10716449 10717585
2367 10717585 10721683
2368 10721683 10725617
2369 10725617 10728565
2370 10728565 10729913
2371 10729913 10733137
2372 10733137 10740886
2373 10740886 10760018
2374 10760018 10762273
2375 10762273 10766116
2376 10766116 10767821
2377 10767821 10772132
2378 10772132 10777311
2379 10777311 10786223
2380 10786223 10789425
2381 10789425 10802860
2382 10802860 10806663
2383 10806663 10813096
2384 10813096 10821865
2385 10821865 10827691
2386 10827691 10829916
2387 10829916 10831188
2388 10831188 10835110
2389 10835110 10841533
2390 10841533 10843256
2391 10843256 10846754
2392 10846754 10849618
2393 10849618 10855969
2394 10855969 10857834
2395 10857834 10864647
2396 10864647 10868379
2397 10868379 10878872
2398 10878872 10885911
2399 10885911 10890532
2400 10890532 10894115
2401 10894115 10900626
2402 10900626 10910323
2403 10910323 10911974
2404 10911974 10914810
2405 10914810 10919428
2406 10919428 10928200
2407 10928200 10929844
2408 10929844 10934718
2409 10934718 10935089
2410 10935089 10935451
2411 10935451 10935825
2412 10935825 10936204
2413 10936204 10936571
2414 10936571 10936975
2415 10936975 10937342
2416 10937342 10941328
2417 10941328 10944223
2418 10944223 10947281
2419 10947281 10949361
2420 10949361 10960186
2421 10960186 10974959
2422 10974959 10981552
2423 10981552 10991151
2424 10991151 10993670
2425 10993670 10998259
2426 10998259 11011398
2427 11011398 11028712
2428 11028712 11041391
2429 11041391 11064354
2430 11064354 11108324
2431 11108324 11124535
2432 11124535 11153257
2433 11153257 11157651
2434 11157651 11191735
2435 11191735 11194608
2436 11194608 11197359
2437 11197359 11212888
2438 11212888 11224310
2439 11224310 11232603
2440 11232603 11242506
2441 11242506 11245451
2442 11245451 11251998
2443 11251998 11260827
2444 11260827 11275331
2445 11275331 11289106
2446 11289106 11317832
2447 11317832 11334086
2448 11334086 11348280
2449 11348280 11373818
2450 11373818 11374409
2451 11374409 11404996
2452 11404996 11427447
2453 11427447 11430781
2454 11430781 11447526
2455 11447526 11452111
2456 11452111 11516451
2457 11516451 11611064
2458 11611064 11625656
2459 11625656 11639326
2460 11639326 11669794
2461 11669794 11673985
2462 11673985 11684498
2463 11684498 11702141
2464 11702141 11744852
2465 11744852 11839114
2466 11839114 11839548
2467 11839548 11840002
2468 11840002 11854534
2469 11854534 11868341
2470 11868341 11868750
2471 11868750 11869195
2472 11869195 11871410
2473 11871410 11900135
2474 11900135 11956332
2475 11956332 11962204
2476 11962204 11971586
2477 11971586 11979721
2478 11979721 11986688
2479 11986688 12081323
2480 12081323 12088890
2481 12088890 12094872
2482 12094872 12100707
2483 12100707 12108083
2484 12108083 12120412
2485 12120412 12138281
2486 12138281 12141928
2487 12141928 12146193
2488 12146193 12152101
2489 12152101 12163054
2490 12163054 12171004
2491 12171004 12179901
2492 12179901 12205279
2493 12205279 12221398
2494 12221398 12227405
2495 12227405 12233102
2496 12233102 12237087
2497 12237087 12241067
2498 12241067 12244513
2499 12244513 12248602
2500 12248602 12264162
2501 12264162 12276538
2502 12276538 12290946
2503 12290946 12305659
2504 12305659 12311172
2505 12311172 12315346
2506 12315346 12321144
2507 12321144 12331687
2508 12331687 12339718
2509 12339718 12348759
2510 12348759 12366223
2511 12366223 12382350
2512 12382350 12388347
2513 12388347 12394369
2514 12394369 12400096
2515 12400096 12412414
2516 12412414 12416706
2517 12416706 12422498
2518 12422498 12433022
2519 12433022 12441010
2520 12441010 12449900
2521 12449900 12467603
2522 12467603 12483762
2523 12483762 12489885
2524 12489885 12495674
2525 12495674 12503065
2526 12503065 12519906
2527 12519906 12532223
2528 12532223 12536103
2529 12536103 12540240
2530 12540240 12546171
2531 12546171 12554205
2532 12554205 12578497
2533 12578497 12584562
2534 12584562 12590289
2535 12590289 12599962
2536 12599962 12612370
2537 12612370 12616490
2538 12616490 12624494
2539 12624494 12642684
2540 12642684 12658880
2541 12658880 12664980
2542 12664980 12670664
2543 12670664 12680435
2544 12680435 12689883
2545 12689883 12693538
2546 12693538 12697679
2547 12697679 12715373
2548 12715373 12731568
2549 12731568 12741272
2550 12741272 12747353
2551 12747353 12753089
2552 12753089 12756989
2553 12756989 12761315
2554 12761315 12771830
2555 12771830 12779884
2556 12779884 12805075
2557 12805075 12821273
2558 12821273 12827646
2559 12827646 12835224
2560 12835224 12841348
2561 12841348 12847090
2562 12847090 12851227
2563 12851227 12855301
2564 12855301 12865857
2565 12865857 12873953
2566 12873953 12892018
2567 12892018 12908305
2568 12908305 12914452
2569 12914452 12920267
2570 12920267 12924992
2571 12924992 12931633
2572 12931633 12937929
2573 12937929 12949073
2574 12949073 12966436
2575 12966436 12972198
2576 12972198 12989939
2577 12989939 12993726
2578 12993726 13004300
2579 13004300 13008153
2580 13008153 13017097
2581 13017097 13040395
2582 13040395 13056618
2583 13056618 13072359
2584 13072359 13075401
2585 13075401 13085105
2586 13085105 13092513
2587 13092513 13109352
2588 13109352 13125466
2589 13125466 13129021
2590 13129021 13134841
2591 13134841 13192453
2592 13192453 13208724
2593 13208724 13215012
2594 13215012 13220566
2595 13220566 13226067
2596 13226067 13239719
2597 13239719 13243695
2598 13243695 13247395
2599 13247395 13254714
2600 13254714 13258533
2601 13258533 13263716
2602 13263716 13271592
2603 13271592 13276962
2604 13276962 13288021
2605 13288021 13289905
2606 13289905 13297224
2607 13297224 13300964
2608 13300964 13308942
2609 13308942 13309472
2610 13309472 13313403
2611 13313403 13314204
2612 13314204 13315127
2613 13315127 13320851
2614 13320851 13322387
2615 13322387 13324577
2616 13324577 13327247
2617 13327247 13330965
2618 13330965 13334287
2619 13334287 13336425
2620 13336425 13341303
2621 13341303 13351497
2622 13351497 13352136
2623 13352136 13355352
2624 13355352 13358857
2625 13358857 13364223
2626 13364223 13368038
2627 13368038 13377946
2628 13377946 13379629
2629 13379629 13382804
2630 13382804 13388436
2631 13388436 13392156
2632 13392156 13394190
2633 13394190 13398636
2634 13398636 13400052
2635 13400052 13409557
2636 13409557 13414185
2637 13414185 13416818
2638 13416818 13420445
2639 13420445 13422300
2640 13422300 13423835
2641 13423835 13425392
2642 13425392 13430160
2643 13430160 13433103
2644 13433103 13441714
2645 13441714 13447072
2646 13447072 13450165
2647 13450165 13457341
2648 13457341 13458587
2649 13458587 13461440
2650 13461440 13464080
2651 13464080 13466080
2652 13466080 13466656
2653 13466656 13472589
2654 13472589 13473158
2655 13473158 13475283
2656 13475283 13481960
2657 13481960 13487892
2658 13487892 13490462
2659 13490462 13493586
2660 13493586 13502577
2661 13502577 13506243
2662 13506243 13509333
2663 13509333 13518339
2664 13518339 13522429
2665 13522429 13525872
2666 13525872 13529560
2667 13529560 13531077
2668 13531077 13535609
2669 13535609 13536681
2670 13536681 13538507
2671 13538507 13544153
2672 13544153 13546298
2673 13546298 13548144
2674 13548144 13564048
2675 13564048 13570031
2676 13570031 13572335
2677 13572335 13575003
2678 13575003 13580456
2679 13580456 13584428
2680 13584428 13598249
2681 13598249 13602125
2682 13602125 13604024
2683 13604024 13607713
2684 13607713 13614357
2685 13614357 13617368
2686 13617368 13617983
2687 13617983 13622723
2688 13622723 13627329
2689 13627329 13630089
2690 13630089 13634882
2691 13634882 13637090
2692 13637090 13637880
2693 13637880 13638691
2694 13638691 13641970
2695 13641970 13642786
2696 13642786 13649194
2697 13649194 13654980
2698 13654980 13665777
2699 13665777 13667410
2700 13667410 13669608
2701 13669608 13673969
2702 13673969 13680403
2703 13680403 13683500
2704 13683500 13689647
2705 13689647 13695775
2706 13695775 13697517
2707 13697517 13704038
2708 13704038 13707362
2709 13707362 13714121
2710 13714121 13723204
2711 13723204 13724678
2712 13724678 13727637
2713 13727637 13729461
2714 13729461 13732861
2715 13732861 13738927
2716 13738927 13745773
2717 13745773 13752125
2718 13752125 13758599
2719 13758599 13768348
2720 13768348 13778138
2721 13778138 13779368
2722 13779368 13780131
2723 13780131 13781327
2724 13781327 13785173
2725 13785173 13785891
2726 13785891 13791467
2727 13791467 13792908
2728 13792908 13795738
2729 13795738 13798105
2730 13798105 13803682
2731 13803682 13815949
2732 13815949 13818595
2733 13818595 13844730
2734 13844730 13848490
2735 13848490 13852575
2736 13852575 13865055
2737 13865055 13869506
2738 13869506 13873447
2739 13873447 13888148
2740 13888148 13900471
2741 13900471 13904196
2742 13904196 13913348
2743 13913348 13915201
2744 13915201 13915963
2745 13915963 13919244
2746 13919244 13922150
2747 13922150 13928019
2748 13928019 13937687
2749 13937687 13941780
2750 13941780 13942964
2751 13942964 13944799
2752 13944799 13950349
2753 13950349 13954996
2754 13954996 13959589
2755 13959589 13964033
2756 13964033 13968453
2757 13968453 13972178
2758 13972178 13978392
2759 13978392 13982633
2760 13982633 13983788
2761 13983788 13984572
2762 13984572 13993466
2763 13993466 13997470
2764 13997470 14004527
2765 14004527 14006089
2766 14006089 14008617
2767 14008617 14009754
2768 14009754 14010829
2769 14010829 14011895
2770 14011895 14017272
2771 14017272 14028321
2772 14028321 14029118
2773 14029118 14029834
2774 14029834 14033902
2775 14033902 14044042
2776 14044042 14047202
2777 14047202 14048104
2778 14048104 14048781
2779 14048781 14049819
2780 14049819 14050595
2781 14050595 14052398
2782 14052398 14064747
2783 14064747 14069124
2784 14069124 14080366
2785 14080366 14084027
2786 14084027 14085671
2787 14085671 14088803
2788 14088803 14090036
2789 14090036 14090674
2790 14090674 14092298
2791 14092298 14093993
2792 14093993 14095614
2793 14095614 14104489
2794 14104489 14108979
2795 14108979 14111960
2796 14111960 14112624
2797 14112624 14120370
2798 14120370 14124474
2799 14124474 14137085
2800 14137085 14142070
2801 14142070 14144654
2802 14144654 14148614
2803 14148614 14154984
2804 14154984 14157665
2805 14157665 14158025
2806 14158025 14160435
2807 14160435 14164352
2808 14164352 14167231
2809 14167231 14180853
2810 14180853 14188846
2811 14188846 14190816
2812 14190816 14193657
2813 14193657 14195649
2814 14195649 14197559
2815 14197559 14201091
2816 14201091 14203368
2817 14203368 14206487
2818 14206487 14208539
2819 14208539 14210429
2820 14210429 14212681
2821 14212681 14215679
2822 14215679 14218597
2823 14218597 14220588
2824 14220588 14223253
2825 14223253 14226635
2826 14226635 14228864
2827 14228864 14230836
2828 14230836 14232671
2829 14232671 14234818
2830 14234818 14239381
2831 14239381 14243340
2832 14243340 14247201
2833 14247201 14250269
2834 14250269 14252782
2835 14252782 14255410
2836 14255410 14257803
2837 14257803 14260237
2838 14260237 14260612
2839 14260612 14266538
2840 14266538 14276553
2841 14276553 14279422
2842 14279422 14280443
2843 14280443 14284928
2844 14284928 14292161
2845 14292161 14292521
2846 14292521 14295781
2847 14295781 14298514
2848 14298514 14300954
2849 14300954 14303613
2850 14303613 14307243
2851 14307243 14311658
2852 14311658 14314330
2853 14314330 14319383
2854 14319383 14322194
2855 14322194 14330483
2856 14330483 14333297
2857 14333297 14339646
2858 14339646 14342154
2859 14342154 14343435
2860 14343435 14361337
2861 14361337 14371272
2862 14371272 14374294
2863 14374294 14377599
2864 14377599 14383548
2865 14383548 14387092
2866 14387092 14389095
2867 14389095 14392236
2868 14392236 14396792
2869 14396792 14401229
2870 14401229 14405010
2871 14405010 14408063
2872 14408063 14432700
2873 14432700 14444094
2874 14444094 14460480
2875 14460480 14491269
2876 14491269 14495116
2877 14495116 14495627
2878 14495627 14496166
2879 14496166 14496704
2880 14496704 14497248
2881 14497248 14497799
2882 14497799 14498331
2883 14498331 14498864
2884 14498864 14499209
2885 14499209 14499788
2886 14499788 14500333
2887 14500333 14500855
2888 14500855 14501427
2889 14501427 14501976
2890 14501976 14502290
2891 14502290 14502842
2892 14502842 14503410
2893 14503410 14503948
2894 14503948 14504488
2895 14504488 14505041
2896 14505041 14505549
2897 14505549 14506091
2898 14506091 14506648
2899 14506648 14507188
2900 14507188 14507733
2901 14507733 14508285
2902 14508285 14508827
2903 14508827 14509322
2904 14509322 14509881
2905 14509881 14510452
2906 14510452 14510995
2907 14510995 14511541
2908 14511541 14512090
2909 14512090 14512634
2910 14512634 14513198
2911 14513198 14513687
2912 14513687 14514257
2913 14514257 14514808
2914 14514808 14515354
2915 14515354 14515890
2916 14515890 14516441
2917 14516441 14516989
2918 14516989 14517568
2919 14517568 14518149
2920 14518149 14518727
2921 14518727 14523026
2922 14523026 14526682
2923 14526682 14529785
2924 14529785 14534656
2925 14534656 14537328
2926 14537328 14540103
2927 14540103 14543724
2928 14543724 14547243
2929 14547243 14567089
2930 14567089 14571138
2931 14571138 14572441
2932 14572441 14577839
2933 14577839 14582209
2934 14582209 14586053
2935 14586053 14590475
2936 14590475 14593594
2937 14593594 14597948
2938 14597948 14601734
2939 14601734 14605781
2940 14605781 14609990
2941 14609990 14613583
2942 14613583 14617276
2943 14617276 14621131
2944 14621131 14625185
2945 14625185 14628706
2946 14628706 14633066
2947 14633066 14636879
2948 14636879 14641648
2949 14641648 14645201
2950 14645201 14650027
2951 14650027 14654262
2952 14654262 14658263
2953 14658263 14661791
2954 14661791 14664686
2955 14664686 14667826
2956 14667826 14671008
2957 14671008 14675119
2958 14675119 14678436
2959 14678436 14697842
2960 14697842 14702246
2961 14702246 14705703
2962 14705703 14707306
2963 14707306 14710809
2964 14710809 14714374
2965 14714374 14733965
2966 14733965 14738688
2967 14738688 14740248
2968 14740248 14743711
2969 14743711 14748609
2970 14748609 14752805
2971 14752805 14756197
2972 14756197 14757473
2973 14757473 14760976
2974 14760976 14766471
2975 14766471 14770296
2976 14770296 14775411
2977 14775411 14778750
2978 14778750 14782530
2979 14782530 14786060
2980 14786060 14788846
2981 14788846 14792134
2982 14792134 14795830
2983 14795830 14799075
2984 14799075 14802675
2985 14802675 14821664
2986 14821664 14826230
2987 14826230 14830061
2988 14830061 14833732
2989 14833732 14835376
2990 14835376 14839755
2991 14839755 14841043
2992 14841043 14842025
2993 14842025 14845035
2994 14845035 14849156
2995 14849156 14852755
2996 14852755 14855653
2997 14855653 14859231
2998 14859231 14861893
2999 14861893 14863052
3000 14863052 14867324
3001 14867324 14887188
3002 14887188 14890567
3003 14890567 14895432
3004 14895432 14898797
3005 14898797 14902494
3006 14902494 14912007
3007 14912007 14919308
3008 14919308 14938159
3009 14938159 14942878
3010 14942878 14946041
3011 14946041 14950030
3012 14950030 14952050
3013 14952050 14955022
3014 14955022 14956485
3015 14956485 14958078
3016 14958078 14959745
3017 14959745 14962609
3018 14962609 14963600
3019 14963600 14964768
3020 14964768 14980389
3021 14980389 14986865
3022 14986865 15000872
3023 15000872 15001652
3024 15001652 15003747
3025 15003747 15006399
3026 15006399 15009227
3027 15009227 15011048
3028 15011048 15031155
3029 15031155 15040237
3030 15040237 15043852
3031 15043852 15047449
3032 15047449 15050887
3033 15050887 15054292
3034 15054292 15054765
3035 15054765 15057355
3036 15057355 15060307
3037 15060307 15064458
3038 15064458 15067470
3039 15067470 15068442
3040 15068442 15072331
3041 15072331 15101010
3042 15101010 15105267
3043 15105267 15112711
3044 15112711 15122085
3045 15122085 15152440
3046 15152440 15172166
3047 15172166 15173159
3048 15173159 15173818
3049 15173818 15176185
3050 15176185 15177842
3051 15177842 15182850
3052 15182850 15186208
3053 15186208 15190299
3054 15190299 15192842
3055 15192842 15197476
3056 15197476 15198663
3057 15198663 15200709
3058 15200709 15201421
3059 15201421 15201885
3060 15201885 15204228
3061 15204228 15205124
3062 15205124 15208709
3063 15208709 15209683
3064 15209683 15212311
3065 15212311 15215477
3066 15215477 15215850
3067 15215850 15223107
3068 15223107 15242181
3069 15242181 15247926
3070 15247926 15249271
3071 15249271 15251493
3072 15251493 15253883
3073 15253883 15256534
3074 15256534 15265576
3075 15265576 15269266
3076 15269266 15271667
3077 15271667 15293805
3078 15293805 15294700
3079 15294700 15295138
3080 15295138 15296332
3081 15296332 15300219
3082 15300219 15301397
3083 15301397 15304978
3084 15304978 15308271
3085 15308271 15309891
3086 15309891 15311280
3087 15311280 15313339
3088 15313339 15315539
3089 15315539 15316895
3090 15316895 15320833
3091 15320833 15321428
3092 15321428 15327941
3093 15327941 15330558
3094 15330558 15334273
3095 15334273 15335136
3096 15335136 15336450
3097 15336450 15338910
3098 15338910 15339642
3099 15339642 15340473
3100 15340473 15345533
3101 15345533 15346191
3102 15346191 15346629
3103 15346629 15347095
3104 15347095 15347707
3105 15347707 15348237
3106 15348237 15348803
3107 15348803 15349150
3108 15349150 15349715
3109 15349715 15350134
3110 15350134 15350708
3111 15350708 15351229
3112 15351229 15351832
3113 15351832 15352419
3114 15352419 15353032
3115 15353032 15353623
3116 15353623 15354214
3117 15354214 15354729
3118 15354729 15355361
3119 15355361 15355959
3120 15355959 15356538
3121 15356538 15356863
3122 15356863 15357424
3123 15357424 15357963
3124 15357963 15358293
3125 15358293 15358804
3126 15358804 15359353
3127 15359353 15360085
3128 15360085 15360670
3129 15360670 15361345
3130 15361345 15361990
3131 15361990 15362781
3132 15362781 15363602
3133 15363602 15364438
3134 15364438 15365019
3135 15365019 15365639
3136 15365639 15366225
3137 15366225 15366809
3138 15366809 15367373
3139 15367373 15368010
3140 15368010 15368624
3141 15368624 15369127
3142 15369127 15369691
3143 15369691 15370277
3144 15370277 15371269
3145 15371269 15371645
3146 15371645 15372309
3147 15372309 15372854
3148 15372854 15373207
3149 15373207 15373777
3150 15373777 15374461
3151 15374461 15374948
3152 15374948 15375566
3153 15375566 15376143
3154 15376143 15376602
3155 15376602 15377178
3156 15377178 15377750
3157 15377750 15378352
3158 15378352 15378977
3159 15378977 15380101
3160 15380101 15380336
3161 15380336 15380904
3162 15380904 15381153
3163 15381153 15381874
3164 15381874 15382453
3165 15382453 15382978
3166 15382978 15383575
3167 15383575 15384113
3168 15384113 15384536
3169 15384536 15384755
3170 15384755 15384968
3171 15384968 15385321
3172 15385321 15385932
3173 15385932 15386156
3174 15386156 15386732
3175 15386732 15387335
3176 15387335 15387859
3177 15387859 15388389
3178 15388389 15388998
3179 15388998 15389612
3180 15389612 15390182
3181 15390182 15390765
3182 15390765 15392136
3183 15392136 15392702
3184 15392702 15394002
3185 15394002 15394612
3186 15394612 15395233
3187 15395233 15395858
3188 15395858 15396482
3189 15396482 15397433
3190 15397433 15398382
3191 15398382 15399127
3192 15399127 15399831
3193 15399831 15400675
3194 15400675 15401246
3195 15401246 15401822
3196 15401822 15402381
3197 15402381 15402954
3198 15402954 15404111
3199 15404111 15404825
3200 15404825 15405412
3201 15405412 15408142
3202 15408142 15410940
3203 15410940 15413429
3204 15413429 15415036
3205 15415036 15416234
3206 15416234 15417432
3207 15417432 15418622
3208 15418622 15419795
3209 15419795 15427928
3210 15427928 15433527
3211 15433527 15434900
3212 15434900 15436957
3213 15436957 15441765
3214 15441765 15448603
3215 15448603 15456842
3216 15456842 15460811
3217 15460811 15462108
3218 15462108 15471017
3219 15471017 15477086
3220 15477086 15479199
3221 15479199 15483707
3222 15483707 15485702
3223 15485702 15488155
3224 15488155 15489476
3225 15489476 15492450
3226 15492450 15494658
3227 15494658 15497723
3228 15497723 15500370
3229 15500370 15501935
3230 15501935 15505395
3231 15505395 15507102
3232 15507102 15513527
3233 15513527 15516046
3234 15516046 15518252
3235 15518252 15523377
3236 15523377 15531998
3237 15531998 15537241
3238 15537241 15538757
3239 15538757 15541276
3240 15541276 15543691
3241 15543691 15545564
3242 15545564 15549120
3243 15549120 15551593
3244 15551593 15555573
3245 15555573 15556063
3246 15556063 15558578
3247 15558578 15560715
3248 15560715 15563200
3249 15563200 15565909
3250 15565909 15573960
3251 15573960 15579243
3252 15579243 15585244
3253 15585244 15589857
3254 15589857 15592406
3255 15592406 15594943
3256 15594943 15602411
3257 15602411 15604242
3258 15604242 15606216
3259 15606216 15606906
3260 15606906 15607437
3261 15607437 15608091
3262 15608091 15610717
3263 15610717 15613285
3264 15613285 15615256
3265 15615256 15621079
3266 15621079 15623165
3267 15623165 15627039
3268 15627039 15629476
3269 15629476 15631103
3270 15631103 15634165
3271 15634165 15635994
3272 15635994 15644354
3273 15644354 15646103
3274 15646103 15649839
3275 15649839 15651894
3276 15651894 15655165
3277 15655165 15658081
3278 15658081 15665713
3279 15665713 15666178
3280 15666178 15666745
3281 15666745 15678060
3282 15678060 15682606
3283 15682606 15686337
3284 15686337 15695418
3285 15695418 15698880
3286 15698880 15700986
3287 15700986 15703042
3288 15703042 15710228
3289 15710228 15716747
3290 15716747 15720492
3291 15720492 15722793
3292 15722793 15737817
3293 15737817 15744286
3294 15744286 15745669
3295 15745669 15747699
3296 15747699 15750691
3297 15750691 15753330
3298 15753330 15755521
3299 15755521 15757164
3300 15757164 15757959
3301 15757959 15759404
3302 15759404 15760193
3303 15760193 15760634
3304 15760634 15764676
3305 15764676 15767793
3306 15767793 15772012
3307 15772012 15779674
3308 15779674 15785166
3309 15785166 15786576
3310 15786576 15787803
3311 15787803 15788786
3312 15788786 15790699
3313 15790699 15793173
3314 15793173 15798724
3315 15798724 15801289
3316 15801289 15809444
3317 15809444 15811969
3318 15811969 15812939
3319 15812939 15813840
3320 15813840 15815537
3321 15815537 15817830
3322 15817830 15825171
3323 15825171 15826866
3324 15826866 15831689
3325 15831689 15834200
3326 15834200 15837892
3327 15837892 15840639
3328 15840639 15847662
3329 15847662 15850020
3330 15850020 15853097
3331 15853097 15857756
3332 15857756 15860333
3333 15860333 15863272
3334 15863272 15865232
3335 15865232 15866561
3336 15866561 15871353
3337 15871353 15873042
3338 15873042 15874100
3339 15874100 15875757
3340 15875757 15877612
3341 15877612 15882276
3342 15882276 15884004
3343 15884004 15886744
3344 15886744 15896148
3345 15896148 15898080
3346 15898080 15900769
3347 15900769 15909914
3348 15909914 15913520
3349 15913520 15919733
3350 15919733 15923157
3351 15923157 15926168
3352 15926168 15934105
3353 15934105 15935894
3354 15935894 15938150
3355 15938150 15939852
3356 15939852 15940870
3357 15940870 15942604
3358 15942604 15944440
3359 15944440 15951882
3360 15951882 15955080
3361 15955080 15956810
3362 15956810 15958276
3363 15958276 15966019
3364 15966019 15968066
3365 15968066 15970235
3366 15970235 15972074
3367 15972074 15973815
3368 15973815 15975947
3369 15975947 15977159
3370 15977159 15980347
3371 15980347 15985568
3372 15985568 15991180
3373 15991180 15995926
3374 15995926 16001509
3375 16001509 16003434
3376 16003434 16007363
3377 16007363 16013490
3378 16013490 16017972
3379 16017972 16018991
3380 16018991 16019827
3381 16019827 16024047
3382 16024047 16026764
3383 16026764 16029770
3384 16029770 16031070
3385 16031070 16033063
3386 16033063 16035429
3387 16035429 16038213
3388 16038213 16040565
3389 16040565 16041904
3390 16041904 16046651
3391 16046651 16051279
3392 16051279 16054904
3393 16054904 16058082
3394 16058082 16062234
3395 16062234 16066785
3396 16066785 16069606
3397 16069606 16073475
3398 16073475 16075831
3399 16075831 16077618
3400 16077618 16079963
3401 16079963 16100509
3402 16100509 16103867
3403 16103867 16107997
3404 16107997 16109962
3405 16109962 16118742
3406 16118742 16121466
3407 16121466 16126829
3408 16126829 16132224
3409 16132224 16135959
3410 16135959 16140175
3411 16140175 16146153
3412 16146153 16149228
3413 16149228 16154736
3414 16154736 16156520
3415 16156520 16159187
3416 16159187 16164265
3417 16164265 16169100
3418 16169100 16172458
3419 16172458 16177924
3420 16177924 16183461
3421 16183461 16187785
3422 16187785 16190369
3423 16190369 16194827
3424 16194827 16202273
3425 16202273 16207050
3426 16207050 16207998
3427 16207998 16208837
3428 16208837 16211117
3429 16211117 16212942
3430 16212942 16213925
3431 16213925 16215810
3432 16215810 16227993
3433 16227993 16232474
3434 16232474 16242501
3435 16242501 16243663
3436 16243663 16247089
3437 16247089 16248537
3438 16248537 16252099
3439 16252099 16257511
3440 16257511 16262223
3441 16262223 16267810
3442 16267810 16270435
3443 16270435 16274421
3444 16274421 16275061
3445 16275061 16276654
3446 16276654 16280019
3447 16280019 16281946
3448 16281946 16285268
3449 16285268 16290426
3450 16290426 16292603
3451 16292603 16298480
3452 16298480 16302742
3453 16302742 16307705
3454 16307705 16317413
3455 16317413 16319488
3456 16319488 16322189
3457 16322189 16325432
3458 16325432 16328950
3459 16328950 16337384
3460 16337384 16339166
3461 16339166 16340287
3462 16340287 16341398
3463 16341398 16342822
3464 16342822 16348238
3465 16348238 16353286
3466 16353286 16355493
3467 16355493 16357287
3468 16357287 16361359
3469 16361359 16363734
3470 16363734 16366046
3471 16366046 16367576
3472 16367576 16371911
3473 16371911 16373230
3474 16373230 16374517
3475 16374517 16375981
3476 16375981 16377722
3477 16377722 16382961
3478 16382961 16385539
3479 16385539 16386967
3480 16386967 16397953
3481 16397953 16405040
3482 16405040 16406959
3483 16406959 16414376
3484 16414376 16417817
3485 16417817 16419791
3486 16419791 16432733
3487 16432733 16437464
3488 16437464 16439992
3489 16439992 16442367
3490 16442367 16444574
3491 16444574 16446008
3492 16446008 16447231
3493 16447231 16447956
3494 16447956 16452769
3495 16452769 16454117
3496 16454117 16455072
3497 16455072 16458241
3498 16458241 16460189
3499 16460189 16463120
3500 16463120 16464144
3501 16464144 16465518
3502 16465518 16466927
3503 16466927 16467508
3504 16467508 16472519
3505 16472519 16475817
3506 16475817 16478081
3507 16478081 16478994
3508 16478994 16479833
3509 16479833 16481131
3510 16481131 16482775
3511 16482775 16483596
3512 16483596 16485334
3513 16485334 16485941
3514 16485941 16487836
3515 16487836 16490361
3516 16490361 16492737
3517 16492737 16495478
3518 16495478 16497181
3519 16497181 16497856
3520 16497856 16500070
3521 16500070 16502320
3522 16502320 16504574
3523 16504574 16506951
3524 16506951 16509140
3525 16509140 16509675
3526 16509675 16512157
3527 16512157 16513444
3528 16513444 16516599
3529 16516599 16518212
3530 16518212 16518972
3531 16518972 16520070
3532 16520070 16521658
3533 16521658 16523582
3534 16523582 16525323
3535 16525323 16526659
3536 16526659 16528122
3537 16528122 16529714
3538 16529714 16530704
3539 16530704 16531964
3540 16531964 16533518
3541 16533518 16535238
3542 16535238 16540397
3543 16540397 16550241
3544 16550241 16551946
3545 16551946 16552740
3546 16552740 16553519
3547 16553519 16556492
3548 16556492 16558415
3549 16558415 16560779
3550 16560779 16564014
3551 16564014 16566959
3552 16566959 16569967
3553 16569967 16573027
3554 16573027 16575517
3555 16575517 16578038
3556 16578038 16580628
3557 16580628 16581534
3558 16581534 16583182
3559 16583182 16589064
3560 16589064 16591694
3561 16591694 16593034
3562 16593034 16595131
3563 16595131 16596763
3564 16596763 16599713
3565 16599713 16605568
3566 16605568 16606815
3567 16606815 16609689
3568 16609689 16611585
3569 16611585 16612874
3570 16612874 16614047
3571 16614047 16615877
3572 16615877 16621921
3573 16621921 16625413
3574 16625413 16627060
3575 16627060 16627725
3576 16627725 16630481
3577 16630481 16631432
3578 16631432 16637245
3579 16637245 16642508
3580 16642508 16644173
3581 16644173 16644989
3582 16644989 16645834
3583 16645834 16648371
3584 16648371 16654223
3585 16654223 16658014
3586 16658014 16661781
3587 16661781 16665506
3588 16665506 16669612
3589 16669612 16673502
3590 16673502 16677311
3591 16677311 16677992
3592 16677992 16683864
3593 16683864 16684601
3594 16684601 16687458
3595 16687458 16690378
3596 16690378 16691523
3597 16691523 16692851
3598 16692851 16700484
3599 16700484 16702021
3600 16702021 16704370
3601 16704370 16706519
3602 16706519 16708029
3603 16708029 16709065
3604 16709065 16710820
3605 16710820 16713495
3606 16713495 16730588
3607 16730588 16732187
3608 16732187 16737087
3609 16737087 16739248
3610 16739248 16742120
3611 16742120 16748452
3612 16748452 16749038
3613 16749038 16753124
3614 16753124 16755218
3615 16755218 16756483
3616 16756483 16761194
3617 16761194 16762100
3618 16762100 16764270
3619 16764270 16766218
3620 16766218 16770453
3621 16770453 16775201
3622 16775201 16784491
3623 16784491 16788674
3624 16788674 16791433
3625 16791433 16792330
3626 16792330 16793192
3627 16793192 16794153
3628 16794153 16795258
3629 16795258 16798004
3630 16798004 16798782
3631 16798782 16804785
3632 16804785 16808164
3633 16808164 16817160
3634 16817160 16821228
3635 16821228 16823322
3636 16823322 16826797
3637 16826797 16834438
3638 16834438 16837123
3639 16837123 16839905
3640 16839905 16849618
3641 16849618 16869008
3642 16869008 16872169
3643 16872169 16874967
3644 16874967 16880388
3645 16880388 16882694
3646 16882694 16887006
3647 16887006 16893647
3648 16893647 16894662
3649 16894662 16899596
3650 16899596 16907929
3651 16907929 16913329
3652 16913329 16920060
3653 16920060 16921035
3654 16921035 16924875
3655 16924875 16927879
3656 16927879 16931518
3657 16931518 16934113
3658 16934113 16937868
3659 16937868 16942609
3660 16942609 16952294
3661 16952294 16961986
3662 16961986 16973570
3663 16973570 16975778
3664 16975778 16980629
3665 16980629 16983702
3666 16983702 16985405
3667 16985405 16991246
3668 16991246 16993332
3669 16993332 16995310
3670 16995310 17003757
3671 17003757 17012607
3672 17012607 17015420
3673 17015420 17019968
3674 17019968 17023171
3675 17023171 17025170
3676 17025170 17035874
3677 17035874 17042211
3678 17042211 17047149
3679 17047149 17052510
3680 17052510 17053885
3681 17053885 17055796
3682 17055796 17059456
3683 17059456 17063215
3684 17063215 17065803
3685 17065803 17073546
3686 17073546 17080606
3687 17080606 17087149
3688 17087149 17096006
3689 17096006 17099214
3690 17099214 17102082
3691 17102082 17103983
3692 17103983 17111101
3693 17111101 17114570
3694 17114570 17117278
3695 17117278 17118498
3696 17118498 17130192
3697 17130192 17141090
3698 17141090 17151049
3699 17151049 17158043
3700 17158043 17167037
3701 17167037 17169387
3702 17169387 17169964
3703 17169964 17172796
3704 17172796 17173476
3705 17173476 17177833
3706 17177833 17180212
3707 17180212 17189462
3708 17189462 17196040
3709 17196040 17197659
3710 17197659 17205130
3711 17205130 17207920
3712 17207920 17215661
3713 17215661 17220193
3714 17220193 17223190
3715 17223190 17229557
3716 17229557 17238868
3717 17238868 17241899
3718 17241899 17246342
3719 17246342 17250297
3720 17250297 17252070
3721 17252070 17258645
3722 17258645 17264177
3723 17264177 17269468
3724 17269468 17277555
3725 17277555 17279450
3726 17279450 17282327
3727 17282327 17283424
3728 17283424 17284070
3729 17284070 17285228
3730 17285228 17286115
3731 17286115 17287255
3732 17287255 17288368
3733 17288368 17289463
3734 17289463 17290941
3735 17290941 17292203
3736 17292203 17292984
3737 17292984 17298031
3738 17298031 17304623
3739 17304623 17308910
3740 17308910 17317607
3741 17317607 17321695
3742 17321695 17329279
3743 17329279 17367899
3744 17367899 17385823
3745 17385823 17391166
3746 17391166 17393987
3747 17393987 17404580
3748 17404580 17408415
3749 17408415 17413195
3750 17413195 17418655
3751 17418655 17423533
3752 17423533 17428831
3753 17428831 17435609
3754 17435609 17442146
3755 17442146 17446877
3756 17446877 17451079
3757 17451079 17460084
3758 17460084 17468541
3759 17468541 17474076
3760 17474076 17478400
3761 17478400 17485896
3762 17485896 17493853
3763 17493853 17499553
3764 17499553 17504070
3765 17504070 17509082
3766 17509082 17515467
3767 17515467 17519000
3768 17519000 17523296
3769 17523296 17531567
3770 17531567 17539482
3771 17539482 17547537
3772 17547537 17554899
3773 17554899 17556580
3774 17556580 17561884
3775 17561884 17578385
3776 17578385 17583045
3777 17583045 17592546
3778 17592546 17597907
3779 17597907 17603514
3780 17603514 17621997
3781 17621997 17627413
3782 17627413 17630864
3783 17630864 17642391
3784 17642391 17650320
3785 17650320 17652499
3786 17652499 17655422
3787 17655422 17659140
3788 17659140 17678969
3789 17678969 17683319
3790 17683319 17686893
3791 17686893 17699510
3792 17699510 17706347
3793 17706347 17732186
3794 17732186 17743466
3795 17743466 17750613
3796 17750613 17756613
3797 17756613 17763017
3798 17763017 17786660
3799 17786660 17788189
3800 17788189 17789442
3801 17789442 17791271
3802 17791271 17795877
3803 17795877 17797009
3804 17797009 17801282
3805 17801282 17803158
3806 17803158 17805356
3807 17805356 17810364
3808 17810364 17813046
3809 17813046 17815698
3810 17815698 17816110
3811 17816110 17817688
3812 17817688 17819239
3813 17819239 17821479
3814 17821479 17823023
3815 17823023 17824155
3816 17824155 17826873
3817 17826873 17827939
3818 17827939 17828319
3819 17828319 17832947
3820 17832947 17834282
3821 17834282 17835226
3822 17835226 17839195
3823 17839195 17840586
3824 17840586 17843765
3825 17843765 17846439
3826 17846439 17847026
3827 17847026 17848366
3828 17848366 17849655
3829 17849655 17852204
3830 17852204 17853452
3831 17853452 17854838
3832 17854838 17862304
3833 17862304 17869364
3834 17869364 17871075
3835 17871075 17872720
3836 17872720 17874808
3837 17874808 17876201
3838 17876201 17876758
3839 17876758 17878164
3840 17878164 17880512
3841 17880512 17882101
3842 17882101 17893710
3843 17893710 17895814
3844 17895814 17896681
3845 17896681 17897650
3846 17897650 17898760
3847 17898760 17900635
3848 17900635 17901401
3849 17901401 17913023
3850 17913023 17914856
3851 17914856 17917871
3852 17917871 17921667
3853 17921667 17922667
3854 17922667 17924927
3855 17924927 17926206
3856 17926206 17931019
3857 17931019 17931380
3858 17931380 17938486
3859 17938486 17939579
3860 17939579 17941411
3861 17941411 17944028
3862 17944028 17945563
3863 17945563 17946859
3864 17946859 17948562
3865 17948562 17951608
3866 17951608 17952978
3867 17952978 17959475
3868 17959475 17962217
3869 17962217 17962711
3870 17962711 17967004
3871 17967004 17967575
3872 17967575 17969112
3873 17969112 17971288
3874 17971288 17974134
3875 17974134 17977360
3876 17977360 17978786
3877 17978786 17980370
3878 17980370 17981556
3879 17981556 17983057
3880 17983057 17985457
3881 17985457 17986098
3882 17986098 17986541
3883 17986541 17987628
3884 17987628 17990994
3885 17990994 17995230
3886 17995230 17996171
3887 17996171 17998244
3888 17998244 18000376
3889 18000376 18004474
3890 18004474 18007496
3891 18007496 18009297
3892 18009297 18016748
3893 18016748 18018092
3894 18018092 18019214
3895 18019214 18028338
3896 18028338 18039651
3897 18039651 18048949
3898 18048949 18065002
3899 18065002 18073802
3900 18073802 18082294
3901 18082294 18089721
3902 18089721 18101059
3903 18101059 18120610
3904 18120610 18134211
3905 18134211 18139740
3906 18139740 18140277
3907 18140277 18141154
3908 18141154 18144395
3909 18144395 18151782
3910 18151782 18152366
3911 18152366 18153948
3912 18153948 18157452
3913 18157452 18159600
3914 18159600 18168814
3915 18168814 18176882
3916 18176882 18181618
3917 18181618 18184352
3918 18184352 18188480
3919 18188480 18195677
3920 18195677 18199129
3921 18199129 18202008
3922 18202008 18202732
3923 18202732 18203829
3924 18203829 18205514
3925 18205514 18212237
3926 18212237 18213630
3927 18213630 18225126
3928 18225126 18231519
3929 18231519 18236003
3930 18236003 18261854
3931 18261854 18265649
3932 18265649 18270837
3933 18270837 18279288
3934 18279288 18289106
3935 18289106 18293784
3936 18293784 18303428
3937 18303428 18316320
3938 18316320 18321057
3939 18321057 18332062
3940 18332062 18337218
3941 18337218 18339020
3942 18339020 18342881
3943 18342881 18347693
3944 18347693 18351448
3945 18351448 18362211
3946 18362211 18372172
3947 18372172 18379067
3948 18379067 18385223
3949 18385223 18391075
3950 18391075 18395029
3951 18395029 18398579
3952 18398579 18402468
3953 18402468 18405847
3954 18405847 18418170
3955 18418170 18431060
3956 18431060 18435336
3957 18435336 18438244
3958 18438244 18443863
3959 18443863 18459828
3960 18459828 18464168
3961 18464168 18464932
3962 18464932 18466181
3963 18466181 18470638
3964 18470638 18475069
3965 18475069 18477205
3966 18477205 18490290
3967 18490290 18499171
3968 18499171 18506965
3969 18506965 18517710
3970 18517710 18524762
3971 18524762 18533757
3972 18533757 18536146
3973 18536146 18544357
3974 18544357 18552700
3975 18552700 18556644
3976 18556644 18562448
3977 18562448 18576239
3978 18576239 18576815
3979 18576815 18578395
3980 18578395 18581530
